file;num_names;num_glb_names;num_loc_names;jsn_logmodel;jsn_logmodel_all;jsn_logmodel_glb;jsn_logmodel_maybe;jsn_logmodel_approx;jsn_logmodel_approx_maybe
1269860.js;4;3;1;1;4;3;1;1;1
107778.js;11;7;4;0;7;7;0;0;0
406544.js;2;1;1;0;1;1;1;0;1
2554989.js;14;2;12;5;7;2;5;6;6
1879398.js;34;13;21;7;20;13;8;7;9
1798084.js;32;7;25;0;7;7;0;0;1
266873.js;13;5;8;4;9;5;5;5;6
696780.js;7;6;1;0;6;6;0;0;0
2902701.js;13;5;8;1;6;5;1;1;1
4251652.js;3;1;2;0;1;1;0;0;0
3403756.js;13;2;11;1;3;2;2;1;3
2881017.js;6;3;3;0;3;3;0;0;1
933618.js;6;1;5;2;3;1;2;2;3
3025471.js;9;1;8;0;1;1;0;0;0
4053524.js;26;6;20;0;6;6;3;1;4
199347.js;10;5;5;0;5;5;1;0;1
4572582.js;4;1;3;0;1;1;0;0;0
1102547.js;12;7;5;2;9;7;2;2;2
265275.js;9;3;6;2;5;3;2;3;3
1403103.js;20;10;10;3;13;10;4;4;5
1399596.js;24;6;18;1;7;6;2;4;6
4575866.js;17;8;9;0;8;8;1;1;2
32780.js;23;5;18;3;8;5;3;4;4
3222527.js;4;1;3;0;1;1;1;0;1
1950522.js;3;1;2;0;1;1;0;0;0
4910697.js;4;1;3;0;1;1;0;0;0
2104540.js;8;2;6;0;2;2;3;0;3
2038734.js;2;1;1;1;2;1;1;1;1
68424.js;38;1;37;20;21;1;22;20;22
3162964.js;6;5;1;0;4;4;0;0;0
878797.js;30;16;14;4;20;16;5;4;5
4296003.js;13;11;2;0;10;10;0;0;0
1632184.js;30;2;28;9;11;2;11;11;13
4790254.js;7;2;5;0;2;2;1;0;1
264612.js;10;4;6;2;6;4;2;6;6
242769.js;3;2;1;0;2;2;0;0;0
3518117.js;13;6;7;2;8;6;2;2;2
4777098.js;24;1;23;16;17;1;20;16;20
3613116.js;11;5;6;1;6;5;2;1;3
242746.js;3;2;1;0;2;2;0;0;0
673705.js;7;2;5;4;6;2;5;4;5
89015.js;15;1;14;1;2;1;1;2;2
1574842.js;5;2;3;0;2;2;0;0;0
4366946.js;8;1;7;2;3;1;2;2;3
3480713.js;10;8;2;0;8;8;0;0;0
2787480.js;4;3;1;0;3;3;1;0;1
2546837.js;17;1;16;2;3;1;3;3;3
896416.js;3;1;2;0;1;1;0;0;0
1878783.js;35;3;32;7;10;3;8;8;10
1402887.js;14;5;9;0;5;5;0;0;0
2892029.js;4;2;2;1;3;2;1;1;1
1804017.js;4;3;1;0;3;3;0;0;0
197974.js;43;2;41;12;14;2;13;13;14
1427213.js;15;3;12;1;4;3;2;1;2
4342011.js;3;1;2;1;2;1;1;1;1
3203766.js;8;0;8;0;0;0;0;0;0
2438394.js;19;3;16;0;3;3;2;0;3
958687.js;25;7;18;0;7;7;0;0;0
3205298.js;34;13;21;5;18;13;5;5;8
896388.js;3;1;2;0;1;1;0;0;0
2446840.js;3;1;2;0;1;1;0;0;0
221188.js;37;5;32;1;6;5;3;1;5
1224037.js;39;2;37;0;2;2;1;1;2
1121386.js;5;2;3;0;2;2;1;0;1
2653159.js;7;5;2;2;7;5;2;2;2
901109.js;14;3;11;1;4;3;1;1;1
293097.js;20;5;15;3;8;5;3;3;3
82852.js;5;4;1;1;5;4;1;1;1
3430994.js;44;5;39;3;8;5;3;5;5
2179845.js;14;2;12;3;5;2;3;3;3
4962034.js;16;3;13;0;3;3;0;0;0
2251607.js;43;11;32;18;29;11;19;18;20
5313736.js;11;7;4;2;9;7;2;2;2
3463721.js;17;5;12;2;7;5;2;3;4
35985.js;3;2;1;0;2;2;0;0;0
2960270.js;20;3;17;3;6;3;3;3;4
1133849.js;54;12;42;3;15;12;3;6;6
86649.js;27;3;24;5;8;3;5;5;5
3651502.js;15;3;12;4;7;3;6;5;7
2229080.js;20;4;16;2;6;4;2;2;3
4109318.js;12;4;8;0;4;4;4;0;4
2056457.js;5;2;3;1;3;2;1;1;1
4261034.js;5;1;4;0;1;1;0;0;0
442893.js;13;2;11;0;2;2;0;0;0
1882408.js;15;4;11;2;6;4;2;2;2
1186497.js;8;5;3;0;5;5;0;0;0
2834544.js;28;25;3;3;28;25;3;3;3
4332841.js;25;2;23;5;7;2;6;5;6
1745816.js;13;2;11;1;3;2;1;1;1
1265982.js;23;11;12;7;18;11;8;9;9
476226.js;12;6;6;0;6;6;0;1;1
4254729.js;23;4;19;5;9;4;7;6;8
2404211.js;21;10;11;2;12;10;3;2;3
2619475.js;13;3;10;1;4;3;1;1;1
1212232.js;27;2;25;0;2;2;0;1;2
1200690.js;23;6;17;6;12;6;11;6;11
81862.js;15;6;9;5;11;6;5;5;5
2792864.js;34;3;31;2;5;3;3;4;5
312873.js;15;3;12;0;3;3;0;1;2
1375033.js;4;1;3;0;1;1;0;0;1
184061.js;22;1;21;0;1;1;0;0;1
1222447.js;12;3;9;1;4;3;1;1;1
312293.js;3;1;2;0;1;1;0;0;0
3266377.js;8;6;2;0;6;6;1;0;1
2624961.js;25;1;24;6;7;1;6;6;6
1897740.js;24;13;11;1;14;13;1;1;1
2319560.js;4;3;1;0;3;3;0;0;0
12723.js;5;3;2;0;3;3;0;0;0
282528.js;4;1;3;2;3;1;2;2;2
4555038.js;2;1;1;0;1;1;0;0;0
5136727.js;45;20;25;1;21;20;1;2;5
2271159.js;11;2;9;0;2;2;0;0;0
3802027.js;7;1;6;1;2;1;2;1;2
4149008.js;19;14;5;3;17;14;3;3;3
664897.js;55;19;36;4;23;19;4;4;4
2629018.js;10;5;5;1;6;5;1;1;1
495163.js;33;10;23;12;22;10;12;12;12
558223.js;15;7;8;0;7;7;0;0;0
372326.js;18;4;14;3;7;4;5;4;8
5109360.js;6;3;3;1;4;3;2;1;2
1864241.js;8;3;5;0;3;3;0;0;0
2633501.js;17;12;5;1;9;8;2;1;2
2461797.js;18;3;15;2;5;3;5;2;6
4656992.js;34;22;12;0;22;22;0;0;0
2089326.js;11;9;2;0;9;9;1;0;1
2357015.js;11;2;9;2;4;2;2;2;2
279284.js;7;4;3;0;4;4;0;0;0
3089289.js;2;1;1;1;2;1;1;1;1
2852311.js;8;6;2;1;7;6;1;1;1
2937870.js;5;1;4;2;3;1;2;3;3
2462277.js;17;10;7;1;11;10;2;1;2
4558972.js;26;2;24;5;7;2;5;5;5
3175738.js;15;4;11;1;5;4;1;1;1
4961677.js;19;4;15;3;7;4;4;5;6
2032105.js;23;10;13;2;12;10;2;6;6
566714.js;18;5;13;2;7;5;2;2;2
1119974.js;12;10;2;0;10;10;0;0;0
1304974.js;14;2;12;2;4;2;3;4;5
5184334.js;9;3;6;0;3;3;0;0;0
2312486.js;8;2;6;1;3;2;1;1;1
306311.js;20;2;18;5;7;2;7;5;7
2140154.js;7;3;4;1;4;3;2;1;2
2147015.js;8;2;6;1;3;2;1;1;1
894308.js;21;17;4;1;18;17;1;1;1
3940310.js;4;1;3;0;1;1;0;0;0
1403291.js;20;7;13;2;9;7;4;2;4
8498.js;19;8;11;6;14;8;7;6;8
1083122.js;4;2;2;0;2;2;0;0;0
2624063.js;31;13;18;3;16;13;4;3;5
3358827.js;4;1;3;2;3;1;2;2;2
2836986.js;13;12;1;0;12;12;0;0;0
1306106.js;30;9;21;0;9;9;0;0;0
399795.js;16;15;1;1;16;15;1;1;1
1825307.js;23;4;19;8;12;4;8;8;8
3584529.js;3;1;2;0;1;1;0;0;0
950335.js;13;8;5;1;9;8;1;1;2
561466.js;19;14;5;0;14;14;0;0;1
1570905.js;10;6;4;0;6;6;0;0;0
4462540.js;16;11;5;0;11;11;0;0;2
2932882.js;24;10;14;2;12;10;4;3;4
2194844.js;10;4;6;0;4;4;1;0;1
746325.js;10;1;9;1;2;1;1;1;1
2031813.js;16;6;10;0;6;6;0;1;1
4066110.js;25;1;24;4;5;1;7;6;10
2954062.js;20;3;17;1;4;3;1;1;1
1900335.js;22;14;8;3;17;14;4;3;4
2352168.js;14;3;11;1;4;3;2;1;2
1457534.js;12;1;11;4;5;1;4;4;4
2871020.js;2;1;1;0;1;1;0;0;0
4528515.js;5;1;4;2;3;1;2;2;2
1769717.js;21;2;19;15;17;2;17;15;17
3755109.js;3;1;2;0;1;1;0;0;0
1119460.js;20;6;14;0;6;6;0;0;0
272640.js;13;5;8;2;7;5;3;2;3
3562773.js;10;6;4;1;7;6;2;1;2
2752317.js;15;12;3;0;12;12;0;0;0
2521969.js;6;5;1;0;5;5;0;0;0
1632180.js;8;3;5;0;3;3;2;0;2
389647.js;5;4;1;1;5;4;1;1;1
264434.js;10;5;5;2;7;5;3;4;5
5192834.js;5;3;2;2;5;3;2;2;2
3617686.js;3;2;1;0;2;2;0;0;0
3524452.js;17;6;11;1;7;6;1;1;1
1243866.js;6;3;3;0;3;3;0;0;1
2312026.js;6;3;3;2;5;3;2;2;2
889052.js;7;6;1;0;6;6;0;0;0
3370453.js;12;6;6;2;8;6;3;2;3
1328314.js;11;7;4;0;7;7;0;0;0
2404829.js;8;4;4;0;4;4;0;0;0
526830.js;11;10;1;0;10;10;0;0;0
4029786.js;24;5;19;7;12;5;7;8;8
2808803.js;19;5;14;3;8;5;3;3;3
784109.js;49;26;23;2;27;25;3;4;5
4662574.js;7;4;3;0;4;4;1;0;1
2272594.js;11;10;1;1;11;10;1;1;1
1261518.js;15;5;10;3;8;5;4;3;4
2021381.js;20;10;10;3;13;10;3;3;3
5056273.js;21;9;12;2;11;9;2;3;6
4662282.js;15;7;8;1;8;7;1;1;1
570869.js;4;2;2;2;4;2;2;2;2
1655454.js;3;1;2;1;2;1;1;1;2
3992279.js;4;1;3;0;1;1;0;0;0
576719.js;32;11;21;0;10;10;0;0;0
2929227.js;5;2;3;0;2;2;0;0;0
1347229.js;6;2;4;1;3;2;1;1;1
617648.js;12;4;8;2;6;4;2;2;2
2554988.js;14;2;12;6;8;2;6;7;7
4099383.js;23;7;16;3;10;7;4;3;4
2465311.js;21;1;20;3;4;1;3;5;6
896331.js;43;4;39;1;5;4;2;1;2
1407613.js;23;5;18;2;7;5;3;2;3
624069.js;9;3;6;3;6;3;3;3;3
553557.js;6;1;5;2;3;1;2;2;2
2607013.js;13;2;11;1;3;2;2;2;3
2638627.js;5;1;4;0;1;1;0;0;0
4172967.js;26;6;20;0;6;6;0;0;0
2782820.js;6;1;5;1;2;1;2;1;2
2124979.js;18;5;13;2;7;5;2;3;3
5052122.js;9;2;7;1;3;2;1;1;2
3405365.js;4;1;3;1;2;1;1;2;2
3896159.js;9;3;6;2;5;3;2;2;2
3735404.js;39;8;31;4;12;8;4;7;7
874799.js;11;2;9;1;3;2;1;1;1
4780702.js;10;9;1;0;9;9;0;1;1
1976849.js;3;1;2;0;1;1;0;0;0
1354709.js;30;2;28;4;6;2;6;5;7
82228.js;37;12;25;7;19;12;10;8;11
1812234.js;2;1;1;0;1;1;0;0;0
1430577.js;8;5;3;3;8;5;3;3;3
3911699.js;4;1;3;3;4;1;3;3;3
2350420.js;7;3;4;0;3;3;0;0;0
2863253.js;15;7;8;0;7;7;0;0;0
1570337.js;40;4;36;17;21;4;19;17;19
3938851.js;15;1;14;2;3;1;2;4;4
136294.js;7;4;3;2;6;4;2;3;3
3423549.js;5;2;3;0;2;2;0;1;1
4950396.js;23;4;19;2;6;4;4;5;9
2895297.js;24;8;16;2;10;8;2;2;5
1682091.js;22;3;19;0;3;3;3;0;3
4152683.js;13;2;11;3;5;2;4;3;4
3302130.js;8;5;3;2;7;5;2;2;2
2658598.js;4;3;1;0;3;3;0;0;0
1749229.js;19;3;16;8;11;3;8;8;9
671138.js;3;2;1;0;2;2;1;0;1
1574546.js;21;9;12;3;12;9;3;4;4
730831.js;19;8;11;8;16;8;9;8;9
3683365.js;6;1;5;2;3;1;2;3;3
1832053.js;4;3;1;0;3;3;0;0;0
994359.js;9;1;8;5;6;1;5;5;6
1137.js;3;2;1;1;3;2;1;1;1
545186.js;10;3;7;0;3;3;0;0;0
3753773.js;6;1;5;0;1;1;0;0;0
3320895.js;14;8;6;0;8;8;0;0;0
4104682.js;4;2;2;0;2;2;0;0;0
1298288.js;4;3;1;0;3;3;0;0;0
301482.js;16;5;11;0;5;5;0;0;1
933671.js;6;2;4;0;2;2;1;0;1
377400.js;14;2;12;3;5;2;3;3;4
1117564.js;20;10;10;0;10;10;0;0;0
1134335.js;17;7;10;5;12;7;5;5;5
4055844.js;5;3;2;0;3;3;0;1;1
1057701.js;7;3;4;3;6;3;3;3;3
1576038.js;6;1;5;1;2;1;1;1;1
3806293.js;4;1;3;0;1;1;1;0;1
1209339.js;21;3;18;1;4;3;2;2;3
4998146.js;12;2;10;0;2;2;1;0;2
444498.js;25;5;20;3;8;5;4;3;4
2358921.js;10;1;9;3;4;1;3;4;4
1057089.js;5;1;4;2;3;1;2;2;2
2969157.js;6;4;2;0;4;4;1;0;1
4856494.js;5;2;3;0;2;2;1;0;1
4704224.js;16;6;10;1;7;6;3;2;5
3916916.js;61;16;45;16;31;15;20;16;20
1745369.js;9;6;3;0;6;6;0;0;0
48784.js;6;2;4;3;5;2;3;3;3
219876.js;8;1;7;2;3;1;3;2;3
3130911.js;14;12;2;0;12;12;0;0;0
4017740.js;16;8;8;1;9;8;1;2;2
430905.js;46;18;28;6;24;18;6;6;6
4408375.js;8;1;7;1;2;1;4;1;4
135590.js;7;4;3;0;4;4;0;0;0
5213426.js;42;8;34;0;8;8;0;1;2
2089126.js;8;6;2;0;6;6;1;0;1
1395654.js;17;9;8;1;10;9;1;1;1
563758.js;7;5;2;0;5;5;0;0;0
447938.js;13;4;9;1;5;4;3;1;3
2272350.js;5;1;4;0;1;1;1;0;1
2672634.js;18;1;17;6;7;1;6;6;6
1162393.js;8;2;6;0;2;2;0;0;0
4795287.js;7;5;2;0;5;5;0;0;0
184950.js;3;1;2;0;1;1;0;0;0
1754209.js;10;2;8;2;4;2;2;3;4
4089059.js;29;22;7;3;25;22;3;3;3
2068061.js;3;2;1;0;2;2;0;0;0
2098279.js;5;1;4;0;1;1;0;0;0
1065514.js;30;11;19;4;15;11;5;4;6
653245.js;23;6;17;1;7;6;2;1;2
477045.js;11;6;5;0;6;6;1;2;3
2128502.js;8;2;6;0;2;2;0;0;0
3821984.js;4;3;1;0;3;3;0;0;0
89282.js;19;1;18;13;14;1;14;14;14
5257067.js;7;4;3;0;4;4;0;1;1
2641001.js;11;1;10;2;3;1;2;2;2
3293941.js;6;3;3;1;4;3;2;2;2
317029.js;9;6;3;1;7;6;1;1;1
2844643.js;9;3;6;0;3;3;0;0;0
3254101.js;15;2;13;3;5;2;5;3;5
1912256.js;5;1;4;1;2;1;1;1;1
1817123.js;42;10;32;0;10;10;0;0;1
4935779.js;24;8;16;3;10;7;3;5;5
99160.js;24;14;10;4;18;14;4;4;5
2923375.js;13;6;7;1;7;6;1;1;1
1287838.js;5;1;4;0;1;1;0;0;0
1800897.js;7;5;2;0;5;5;0;0;0
19332.js;8;3;5;1;4;3;1;1;1
1580627.js;14;8;6;1;9;8;1;1;3
586766.js;10;7;3;1;8;7;1;1;1
4621300.js;27;12;15;1;13;12;3;2;6
365156.js;16;10;6;0;10;10;0;0;0
1377762.js;6;4;2;1;5;4;1;1;1
1038932.js;5;3;2;0;3;3;0;0;0
790044.js;4;2;2;1;3;2;1;1;1
3340272.js;16;10;6;4;14;10;4;4;4
498892.js;11;6;5;0;6;6;0;0;0
409341.js;2;1;1;1;2;1;1;1;1
2462296.js;37;19;18;0;19;19;1;0;1
874085.js;10;7;3;3;10;7;3;3;3
3066626.js;24;2;22;9;11;2;10;9;11
128404.js;26;3;23;2;5;3;3;6;7
196709.js;4;1;3;3;4;1;3;3;3
2999397.js;34;4;30;2;6;4;2;3;3
2460778.js;4;2;2;0;2;2;0;0;0
5101241.js;16;6;10;1;7;6;3;1;4
307150.js;10;2;8;2;4;2;3;2;3
1574021.js;15;4;11;3;7;4;3;3;3
4244331.js;5;2;3;1;3;2;2;1;2
2278690.js;8;2;6;3;5;2;4;3;4
437608.js;4;2;2;0;2;2;0;0;0
863158.js;12;3;9;0;3;3;1;0;1
3707614.js;41;2;39;4;6;2;6;4;6
3200700.js;12;2;10;3;5;2;5;4;6
147235.js;19;2;17;11;13;2;14;11;14
2652094.js;6;3;3;0;3;3;0;1;1
4621673.js;3;1;2;1;2;1;1;1;1
541260.js;8;5;3;0;5;5;0;0;0
777864.js;5;3;2;0;3;3;0;0;0
287794.js;11;10;1;1;11;10;1;1;1
447669.js;2;1;1;0;1;1;0;0;1
770875.js;12;6;6;1;7;6;2;2;3
4071870.js;4;1;3;0;1;1;0;0;0
22056.js;27;11;16;1;12;11;3;2;3
3340024.js;4;2;2;0;2;2;0;0;0
1239709.js;7;3;4;0;3;3;1;1;1
3549572.js;5;2;3;1;3;2;1;1;1
1745449.js;23;3;20;2;5;3;2;3;3
1403006.js;3;1;2;0;1;1;0;0;0
479564.js;10;8;2;2;10;8;2;2;2
602913.js;5;1;4;3;4;1;3;3;3
119573.js;14;1;13;1;2;1;2;1;2
3642136.js;30;4;26;2;6;4;3;8;9
1131880.js;10;3;7;3;6;3;3;3;3
291532.js;19;1;18;1;2;1;1;1;1
1031471.js;40;2;38;11;13;2;13;12;14
778952.js;4;2;2;0;2;2;0;0;0
48827.js;10;3;7;1;4;3;1;1;1
304496.js;4;1;3;0;1;1;0;0;0
1824203.js;12;6;6;0;6;6;0;3;3
995088.js;13;4;9;1;5;4;2;3;4
1101086.js;8;6;2;2;8;6;2;2;2
3312430.js;14;5;9;1;6;5;1;1;1
991038.js;43;4;39;1;5;4;3;1;5
3036880.js;23;10;13;5;15;10;5;6;6
2536389.js;27;7;20;0;7;7;0;0;2
3018940.js;11;5;6;1;6;5;1;1;1
873041.js;11;3;8;0;3;3;0;0;2
3077148.js;17;2;15;3;5;2;3;3;4
1085226.js;29;7;22;2;9;7;2;3;5
2740071.js;19;14;5;0;14;14;0;1;1
1353821.js;7;2;5;0;2;2;0;0;0
5283437.js;12;4;8;0;4;4;0;0;0
3894545.js;15;12;3;0;10;10;0;0;0
2611672.js;30;7;23;12;19;7;13;12;13
93659.js;17;1;16;4;5;1;4;6;6
3713962.js;14;10;4;1;10;9;2;1;2
3938358.js;6;1;5;1;2;1;1;2;2
1966138.js;17;1;16;0;1;1;0;0;0
2482808.js;2;1;1;0;1;1;0;0;0
4066754.js;5;1;4;0;1;1;0;1;1
2110440.js;13;2;11;1;3;2;1;1;1
4205315.js;14;3;11;0;3;3;0;0;0
263004.js;5;3;2;1;4;3;1;2;2
2893982.js;7;2;5;0;2;2;0;0;0
2126910.js;27;1;26;16;17;1;17;16;17
5287933.js;19;8;11;0;8;8;0;0;0
4162197.js;8;3;5;0;3;3;0;0;0
1766140.js;16;3;13;5;8;3;6;6;8
1796618.js;19;1;18;3;4;1;3;3;3
1244374.js;27;8;19;2;10;8;3;3;4
186791.js;20;8;12;3;11;8;3;3;3
4147075.js;3;1;2;0;1;1;0;0;1
237363.js;9;1;8;1;2;1;1;1;1
378298.js;10;4;6;0;4;4;3;0;3
105116.js;18;2;16;1;3;2;2;2;4
2840542.js;11;4;7;0;4;4;0;0;0
533991.js;5;3;2;0;3;3;0;0;0
4721743.js;27;1;26;5;6;1;5;6;6
1802937.js;11;2;9;1;3;2;1;2;3
650508.js;13;2;11;3;5;2;4;4;5
1335704.js;17;12;5;1;13;12;1;1;1
4574522.js;13;2;11;1;3;2;1;1;1
880765.js;18;3;15;4;7;3;4;4;5
1283695.js;55;16;39;1;17;16;6;1;6
221328.js;35;3;32;0;3;3;0;0;0
443750.js;10;5;5;0;5;5;0;0;0
3006386.js;8;1;7;0;1;1;0;0;0
3409.js;10;5;5;2;7;5;2;2;2
326536.js;24;5;19;1;6;5;2;3;4
226369.js;7;5;2;1;6;5;1;1;1
682500.js;27;3;24;0;3;3;1;1;3
918405.js;22;4;18;1;5;4;2;3;4
1996492.js;6;2;4;1;3;2;2;1;2
3902316.js;10;3;7;0;3;3;1;0;1
5159070.js;39;5;34;0;5;5;0;0;0
3618432.js;25;8;17;1;9;8;2;1;2
1364530.js;10;2;8;0;2;2;1;0;1
4277495.js;20;4;16;1;5;4;3;1;4
1070167.js;6;3;3;1;4;3;1;1;1
3581864.js;33;2;31;0;2;2;0;0;0
3271818.js;15;10;5;0;10;10;0;0;2
703169.js;10;3;7;1;4;3;1;1;1
5159009.js;14;6;8;1;7;6;2;1;2
3242023.js;5;1;4;2;3;1;2;2;2
3313269.js;18;5;13;3;8;5;3;4;4
2916700.js;13;2;11;0;2;2;0;0;1
4967212.js;35;12;23;9;20;11;10;9;10
377704.js;26;2;24;3;5;2;3;3;4
135172.js;14;7;7;0;7;7;0;0;0
1151316.js;34;7;27;2;9;7;2;2;2
2819335.js;12;3;9;4;7;3;4;4;4
5136145.js;20;3;17;7;10;3;8;7;8
2996196.js;16;9;7;1;10;9;1;1;1
4621671.js;3;1;2;1;2;1;1;1;1
973785.js;6;5;1;0;5;5;0;0;0
137692.js;36;13;23;5;18;13;8;6;9
2083390.js;20;4;16;2;5;3;4;2;5
107956.js;17;7;10;2;9;7;6;2;6
1244451.js;12;6;6;1;7;6;2;1;2
1454631.js;16;2;14;0;2;2;0;1;2
803606.js;11;7;4;2;9;7;2;2;2
3815704.js;7;3;4;0;3;3;0;0;0
1952804.js;11;2;9;4;6;2;5;4;7
807576.js;13;7;6;3;10;7;3;3;3
64178.js;19;12;7;2;14;12;2;2;2
2534382.js;7;4;3;0;4;4;0;0;0
1120182.js;26;3;23;4;7;3;5;4;7
1136232.js;7;6;1;0;6;6;0;0;0
1838204.js;26;11;15;1;12;11;2;2;3
491384.js;10;7;3;2;9;7;2;2;2
5140917.js;5;3;2;1;4;3;1;1;1
692355.js;16;6;10;5;11;6;6;5;6
1762460.js;20;9;11;1;10;9;1;2;7
1991504.js;6;3;3;1;4;3;1;1;1
1664504.js;5;1;4;0;1;1;0;0;0
1832057.js;7;3;4;3;6;3;3;3;3
4884310.js;14;2;12;1;3;2;2;1;3
117578.js;3;1;2;2;3;1;2;2;2
4624277.js;34;10;24;1;11;10;1;4;4
1454491.js;25;3;22;0;3;3;4;0;6
2943075.js;27;1;26;1;2;1;2;1;3
1677267.js;28;8;20;3;11;8;3;3;3
1569543.js;20;11;9;1;12;11;1;2;2
1398514.js;21;2;19;3;5;2;4;4;6
3417721.js;10;2;8;1;3;2;1;1;2
1074117.js;13;2;11;3;5;2;4;3;4
5305786.js;5;3;2;1;4;3;1;1;1
4643390.js;24;2;22;4;6;2;6;5;8
2900544.js;8;1;7;0;1;1;0;0;0
860183.js;6;3;3;1;4;3;1;1;1
2929187.js;35;18;17;3;21;18;4;3;5
1797807.js;25;3;22;0;3;3;2;1;3
242849.js;7;2;5;3;5;2;3;3;3
1025599.js;18;3;15;0;3;3;3;2;5
4418852.js;25;2;23;1;3;2;1;1;1
1448761.js;16;3;13;1;4;3;2;1;2
3215289.js;18;8;10;2;10;8;3;2;3
1403155.js;4;3;1;0;3;3;0;0;0
4212374.js;11;7;4;3;10;7;4;3;4
2457903.js;34;11;23;3;14;11;5;4;6
3163010.js;11;6;5;2;8;6;3;2;3
1203489.js;17;1;16;6;7;1;6;6;6
3584766.js;3;1;2;0;1;1;0;0;0
5010718.js;30;13;17;2;14;12;2;3;3
3927831.js;5;4;1;0;4;4;1;0;1
88876.js;28;4;24;15;19;4;16;15;16
2039230.js;21;7;14;0;7;7;1;0;2
1352742.js;2;1;1;0;1;1;0;0;0
992585.js;42;21;21;1;22;21;1;2;2
1398600.js;22;6;16;1;7;6;1;1;2
1663630.js;25;10;15;0;10;10;1;0;1
1417041.js;17;4;13;3;7;4;4;4;5
4637070.js;16;5;11;2;7;5;5;2;5
294231.js;8;4;4;0;4;4;0;0;0
1122799.js;24;15;9;1;16;15;2;1;2
1836409.js;7;4;3;0;4;4;0;0;0
3675017.js;24;12;12;6;18;12;6;7;7
2923830.js;13;8;5;0;8;8;0;0;0
889021.js;22;14;8;0;14;14;0;0;0
2404297.js;19;10;9;3;13;10;3;4;5
90741.js;7;4;3;0;4;4;0;0;0
850173.js;14;1;13;1;2;1;1;2;2
4197567.js;8;4;4;1;5;4;1;1;2
5332276.js;12;7;5;3;10;7;3;3;3
3440240.js;13;5;8;0;5;5;0;1;1
32782.js;6;4;2;0;4;4;0;0;1
3226495.js;7;6;1;0;6;6;0;1;1
4113441.js;6;4;2;0;4;4;0;0;1
756491.js;19;5;14;11;16;5;12;11;12
3732567.js;4;1;3;0;1;1;0;0;0
2480810.js;4;1;3;0;1;1;0;0;0
1951339.js;8;3;5;1;4;3;1;1;1
3777949.js;3;1;2;1;2;1;1;1;1
3688479.js;21;3;18;3;6;3;3;3;3
3479462.js;10;6;4;1;7;6;1;1;1
108215.js;13;8;5;2;10;8;2;2;2
693506.js;18;7;11;2;9;7;2;3;4
4964397.js;15;13;2;1;14;13;1;1;1
1433269.js;26;5;21;1;6;5;3;1;3
136048.js;4;2;2;1;3;2;1;1;1
1754668.js;4;3;1;0;3;3;0;0;0
712500.js;29;13;16;3;16;13;3;4;4
4992733.js;13;2;11;4;6;2;4;4;4
1819743.js;21;9;12;2;11;9;2;2;2
2923736.js;3;1;2;0;1;1;0;0;0
2062672.js;4;2;2;0;2;2;0;0;0
2434082.js;9;4;5;1;5;4;1;1;1
2203333.js;11;4;7;1;5;4;1;1;1
4229390.js;20;5;15;4;9;5;5;5;5
4872971.js;15;3;12;4;7;3;5;4;5
2909398.js;10;5;5;0;5;5;0;0;0
314987.js;12;2;10;0;2;2;0;1;1
3709337.js;4;1;3;1;2;1;1;1;1
1364198.js;8;1;7;1;2;1;1;1;1
694484.js;11;3;8;1;4;3;2;2;3
1658258.js;5;3;2;0;3;3;0;0;0
502549.js;5;3;2;0;3;3;0;0;0
4109272.js;41;2;39;6;8;2;9;8;11
4372945.js;25;2;23;1;3;2;1;1;1
4009080.js;3;2;1;1;3;2;1;1;1
1752223.js;27;2;25;5;7;2;5;6;6
131370.js;15;8;7;0;8;8;1;0;2
82034.js;10;4;6;4;8;4;4;4;4
2688863.js;11;1;10;7;8;1;9;7;9
2498807.js;2;1;1;0;1;1;0;0;0
5332933.js;4;2;2;0;2;2;1;0;1
2966781.js;6;2;4;1;3;2;1;2;2
5137056.js;15;7;8;8;15;7;8;8;8
2341840.js;22;9;13;2;11;9;4;2;4
4920038.js;12;3;9;2;5;3;2;2;2
3377195.js;13;5;8;0;5;5;0;0;0
242239.js;8;1;7;0;1;1;0;0;0
3993525.js;14;3;11;5;8;3;5;5;5
1125237.js;20;8;12;0;8;8;0;1;2
656291.js;25;7;18;3;10;7;3;3;3
524041.js;17;7;10;2;9;7;2;2;2
3696777.js;14;5;9;0;5;5;1;0;1
1085091.js;11;7;4;0;7;7;0;0;0
2104585.js;8;2;6;1;3;2;3;1;3
38242.js;8;3;5;4;7;3;4;4;4
862785.js;28;2;26;5;7;2;7;7;9
1269410.js;15;2;13;1;3;2;4;1;4
32993.js;3;1;2;1;2;1;2;1;2
1754067.js;7;2;5;0;2;2;0;0;0
920273.js;10;1;9;1;2;1;1;1;1
196411.js;21;16;5;0;16;16;0;0;0
2089333.js;12;10;2;0;10;10;1;0;1
4006811.js;19;5;14;1;6;5;1;1;2
2222864.js;24;15;9;2;17;15;2;2;3
1467757.js;11;4;7;0;4;4;0;0;0
3191576.js;11;4;7;0;4;4;0;0;0
2451355.js;21;5;16;3;8;5;3;4;5
4537036.js;20;7;13;2;9;7;2;2;2
1655533.js;3;1;2;1;2;1;1;1;1
3292332.js;6;3;3;1;4;3;1;1;1
813327.js;13;2;11;1;3;2;2;1;2
902142.js;6;1;5;2;3;1;2;2;2
1840649.js;11;1;10;3;4;1;3;3;3
1287510.js;8;5;3;0;5;5;0;0;0
832634.js;16;2;14;1;3;2;1;1;2
443785.js;9;5;4;0;5;5;0;0;0
623425.js;10;4;6;0;4;4;0;1;1
2343106.js;13;5;8;1;6;5;2;3;4
3610424.js;6;3;3;1;4;3;1;1;1
3436419.js;6;2;4;1;3;2;1;1;1
3914603.js;38;13;25;4;17;13;4;6;10
1430616.js;7;4;3;3;7;4;3;3;3
1978582.js;15;2;13;1;3;2;2;1;2
4793653.js;15;3;12;0;3;3;2;0;2
2146915.js;17;4;13;3;7;4;3;3;3
2889624.js;6;4;2;2;6;4;2;2;2
1910288.js;17;8;9;1;9;8;3;3;4
2459310.js;37;5;32;1;6;5;3;3;5
2326911.js;6;4;2;0;4;4;0;0;0
4523348.js;7;1;6;1;2;1;1;1;1
1287177.js;26;3;23;0;3;3;1;0;1
3467505.js;39;17;22;2;19;17;3;3;5
888972.js;12;9;3;0;9;9;0;0;0
2268732.js;4;1;3;1;2;1;1;1;1
706507.js;3;2;1;0;2;2;0;0;0
1822904.js;4;1;3;1;2;1;1;1;1
4576078.js;27;6;21;12;18;6;15;13;16
3054679.js;6;1;5;1;2;1;1;1;1
1209433.js;3;2;1;0;2;2;0;0;0
4106931.js;21;5;16;1;6;5;2;1;2
2958311.js;16;3;13;1;4;3;2;1;2
1692921.js;6;4;2;2;6;4;2;2;2
3517772.js;20;8;12;2;10;8;2;3;4
741651.js;18;3;15;12;15;3;13;13;14
5181761.js;5;3;2;1;4;3;2;2;2
2907483.js;28;5;23;0;5;5;0;0;0
2298766.js;12;5;7;1;6;5;1;2;2
587103.js;12;1;11;3;4;1;4;4;5
746014.js;9;1;8;7;8;1;7;7;7
1472011.js;25;1;24;4;5;1;4;5;5
499220.js;14;5;9;0;5;5;0;0;1
2242302.js;14;8;6;1;9;8;1;1;1
2788414.js;4;3;1;0;3;3;1;0;1
146131.js;2;1;1;0;1;1;0;0;0
3747054.js;42;2;40;1;3;2;1;2;2
482276.js;21;10;11;2;12;10;5;3;5
2928556.js;5;1;4;0;1;1;0;0;0
3883189.js;12;4;8;1;5;4;1;1;1
3605261.js;3;2;1;0;2;2;0;0;0
4166720.js;28;4;24;1;5;4;1;1;1
3567693.js;11;4;7;0;4;4;0;0;0
508230.js;6;5;1;1;6;5;1;1;1
727979.js;14;6;8;0;6;6;0;0;1
1255202.js;6;3;3;1;4;3;1;1;1
2206536.js;26;7;19;4;11;7;5;6;7
4086307.js;9;4;5;0;4;4;1;0;1
671170.js;3;2;1;0;2;2;1;0;1
850915.js;31;5;26;3;8;5;5;6;8
2906723.js;5;3;2;2;5;3;2;2;2
45447.js;22;3;19;0;3;3;0;0;0
4835982.js;5;2;3;0;2;2;0;0;0
554039.js;11;7;4;1;8;7;1;1;2
3651459.js;19;7;12;0;7;7;0;0;0
116531.js;9;4;5;0;4;4;0;0;0
1060776.js;3;1;2;1;2;1;1;1;1
2522102.js;37;16;21;5;21;16;5;5;5
2130167.js;16;11;5;2;13;11;3;2;3
754926.js;11;4;7;0;4;4;0;0;1
3836344.js;4;3;1;0;3;3;0;0;0
829612.js;25;2;23;4;6;2;5;4;5
627267.js;17;13;4;4;17;13;4;4;4
4201240.js;10;9;1;0;9;9;0;0;0
2440431.js;11;1;10;3;4;1;3;3;3
4146243.js;3;1;2;2;3;1;2;2;2
2997441.js;27;5;22;7;11;4;9;7;9
1372075.js;4;2;2;1;3;2;1;1;1
189980.js;6;1;5;2;3;1;2;2;3
3389050.js;17;3;14;2;5;3;2;3;4
2278351.js;17;3;14;1;4;3;2;1;2
12275.js;31;9;22;0;9;9;0;0;0
4061007.js;7;1;6;1;2;1;1;1;1
123938.js;12;4;8;3;7;4;3;3;3
3586496.js;8;5;3;0;5;5;0;0;0
671161.js;3;2;1;0;2;2;1;0;1
2498590.js;9;3;6;0;3;3;0;0;0
4185129.js;14;11;3;0;11;11;0;0;0
1569108.js;9;6;3;0;6;6;0;0;0
1106502.js;11;9;2;2;11;9;2;2;2
677049.js;4;2;2;1;3;2;2;1;2
2410950.js;34;6;28;2;8;6;4;4;7
419355.js;14;4;10;0;4;4;0;0;0
3242115.js;5;1;4;3;4;1;3;3;3
227387.js;2;1;1;1;2;1;1;1;1
822292.js;12;2;10;1;3;2;1;1;1
207716.js;21;8;13;1;9;8;1;1;1
2860513.js;10;4;6;0;4;4;0;0;1
3269534.js;21;14;7;2;16;14;2;2;3
4129611.js;23;7;16;4;11;7;4;4;4
836488.js;12;6;6;1;7;6;1;1;1
1766268.js;38;10;28;4;14;10;4;6;6
807631.js;18;6;12;12;18;6;12;12;12
485443.js;5;2;3;2;4;2;3;2;3
3084967.js;4;2;2;2;4;2;2;2;2
3960408.js;37;5;32;1;6;5;1;2;2
4418.js;9;1;8;1;2;1;2;2;3
1240442.js;6;4;2;1;5;4;1;1;1
5189053.js;28;7;21;2;9;7;6;3;7
4673936.js;10;4;6;2;6;4;2;2;2
677992.js;7;3;4;0;3;3;0;0;0
317126.js;16;10;6;3;13;10;5;3;5
2046532.js;44;15;29;1;16;15;4;1;4
2732709.js;5;3;2;0;3;3;0;0;0
4867958.js;14;6;8;1;7;6;2;2;3
366615.js;16;1;15;9;10;1;10;9;10
5334276.js;17;7;10;3;10;7;5;3;7
3634478.js;19;2;17;4;6;2;5;4;5
4629031.js;23;6;17;0;6;6;0;0;0
2847341.js;3;1;2;2;3;1;2;2;2
1916929.js;10;6;4;0;6;6;0;0;0
2943200.js;13;3;10;2;5;3;2;2;2
1353533.js;9;2;7;1;3;2;2;1;2
2930910.js;2;1;1;0;1;1;0;0;0
1364625.js;10;4;6;0;4;4;0;0;0
3468726.js;7;1;6;2;3;1;2;2;3
97407.js;46;6;40;4;10;6;6;5;8
2248782.js;11;5;6;0;5;5;0;1;1
3422735.js;45;6;39;29;35;6;34;30;35
977928.js;37;7;30;12;19;7;12;12;14
1624654.js;5;1;4;0;1;1;0;0;0
2350503.js;26;4;22;5;9;4;6;5;6
2518247.js;25;3;22;1;4;3;1;2;3
1151416.js;8;2;6;0;2;2;0;0;0
1350087.js;18;3;15;3;6;3;4;3;5
263001.js;7;4;3;2;6;4;2;3;3
3198911.js;7;1;6;2;3;1;2;2;2
1958858.js;6;4;2;0;4;4;0;1;1
1269183.js;7;1;6;6;7;1;6;6;6
3370530.js;5;1;4;0;1;1;0;1;1
3352221.js;9;3;6;1;4;3;1;1;1
5174878.js;12;7;5;3;10;7;3;3;3
41715.js;34;3;31;0;3;3;1;0;1
1162466.js;19;10;9;1;11;10;1;1;1
5147329.js;15;5;10;0;5;5;0;0;1
913173.js;12;3;9;2;5;3;3;2;3
3184950.js;11;7;4;2;9;7;2;2;3
282873.js;5;2;3;0;2;2;1;0;1
1799144.js;10;6;4;0;6;6;0;0;0
4177755.js;12;3;9;1;4;3;2;1;2
5321401.js;7;3;4;2;5;3;2;2;2
4732669.js;32;16;16;0;16;16;0;0;0
2495339.js;3;1;2;0;1;1;0;0;0
639382.js;8;2;6;1;3;2;1;1;1
2429956.js;39;12;27;1;13;12;1;1;2
4959196.js;30;6;24;13;19;6;13;13;13
267345.js;11;4;7;2;6;4;2;4;4
651770.js;34;12;22;6;18;12;6;6;6
1859659.js;22;8;14;2;10;8;3;2;4
2767451.js;13;8;5;2;10;8;3;2;3
3424131.js;5;2;3;0;2;2;0;0;0
1933489.js;15;6;9;3;9;6;5;3;5
4085128.js;11;6;5;2;8;6;2;2;2
1843945.js;46;4;42;5;9;4;6;6;7
4123731.js;15;2;13;2;4;2;2;3;4
930077.js;9;8;1;0;8;8;0;0;0
1172568.js;21;8;13;1;9;8;3;1;3
136356.js;7;4;3;2;6;4;2;3;3
3618688.js;4;2;2;2;4;2;2;2;2
3475582.js;2;1;1;0;1;1;0;0;0
2313213.js;24;3;21;6;9;3;6;8;8
336360.js;12;10;2;0;10;10;0;0;0
511990.js;12;2;10;3;5;2;3;3;4
3386959.js;12;2;10;3;5;2;3;5;5
3667181.js;12;5;7;3;8;5;3;3;3
2489668.js;4;3;1;0;3;3;0;0;0
2902277.js;18;9;9;6;15;9;6;6;6
4724728.js;10;2;8;0;2;2;1;0;1
4655029.js;25;13;12;12;25;13;12;12;12
5203683.js;9;2;7;3;5;2;4;3;4
4174032.js;6;1;5;2;3;1;3;2;3
3175664.js;35;28;7;6;34;28;6;6;7
99099.js;22;15;7;2;17;15;2;2;2
283222.js;49;4;45;37;41;4;40;38;41
970416.js;14;5;9;2;7;5;4;2;5
4088662.js;14;2;12;0;2;2;0;0;0
44823.js;18;2;16;5;7;2;6;7;7
1279050.js;12;7;5;1;8;7;2;1;2
525254.js;7;3;4;0;3;3;0;0;0
3590592.js;3;1;2;1;2;1;2;1;2
3561348.js;10;2;8;1;3;2;1;1;1
1085200.js;7;5;2;0;5;5;0;0;0
844967.js;6;4;2;0;4;4;0;0;0
1768541.js;28;2;26;0;2;2;1;1;1
3575630.js;25;2;23;2;4;2;3;2;4
1986594.js;7;4;3;3;7;4;3;3;3
379680.js;13;7;6;0;7;7;0;0;0
2205731.js;39;14;25;3;17;14;4;3;5
3276565.js;14;9;5;0;9;9;0;0;0
1369716.js;38;14;24;2;16;14;3;2;3
1595339.js;15;2;13;1;3;2;3;2;4
2948240.js;5;1;4;0;1;1;0;0;0
4656835.js;7;4;3;0;4;4;0;0;0
1280872.js;3;1;2;0;1;1;0;0;0
1729238.js;9;5;4;1;6;5;1;1;1
3078435.js;4;1;3;0;1;1;0;0;0
2196517.js;4;2;2;0;2;2;0;0;0
725380.js;10;5;5;1;6;5;2;1;2
2122235.js;11;8;3;0;8;8;0;0;0
319572.js;4;3;1;1;4;3;1;1;1
1405339.js;6;0;6;0;0;0;0;0;0
4911299.js;2;1;1;1;2;1;1;1;1
1942221.js;58;14;44;9;22;13;17;9;18
4693208.js;12;4;8;1;5;4;2;1;2
566158.js;12;5;7;1;6;5;2;1;2
2836395.js;45;19;26;3;21;18;5;4;7
874297.js;4;1;3;0;1;1;0;0;0
765774.js;18;4;14;3;7;4;4;4;5
2636719.js;23;16;7;0;16;16;0;0;0
1610360.js;10;6;4;4;10;6;4;4;4
677963.js;5;4;1;0;4;4;0;0;0
2748297.js;10;4;6;0;4;4;0;0;0
3796005.js;23;5;18;3;8;5;4;3;4
212004.js;4;1;3;0;1;1;0;0;1
4574512.js;10;3;7;2;5;3;2;3;4
2193929.js;27;12;15;2;14;12;2;3;3
999267.js;22;3;19;4;7;3;4;4;4
618195.js;19;6;13;0;6;6;1;3;6
265520.js;10;6;4;2;8;6;3;3;4
4987834.js;32;1;31;1;2;1;1;1;1
3339996.js;11;5;6;0;5;5;0;0;0
3180542.js;3;2;1;0;2;2;0;0;0
336649.js;15;2;13;4;6;2;6;5;6
5213965.js;4;3;1;0;3;3;0;0;0
2619202.js;13;7;6;4;11;7;4;5;6
3091625.js;16;3;13;2;5;3;2;2;2
219931.js;8;4;4;0;4;4;0;0;1
1646777.js;26;6;20;3;9;6;5;5;9
2002166.js;29;9;20;1;10;9;1;1;1
2587061.js;20;3;17;4;7;3;5;5;7
281921.js;11;1;10;0;1;1;0;0;0
2584683.js;4;3;1;0;3;3;0;0;0
2016549.js;15;1;14;2;3;1;3;2;3
281860.js;21;7;14;5;12;7;6;5;7
1594821.js;10;3;7;4;7;3;5;4;5
290465.js;5;2;3;0;2;2;1;0;1
2792741.js;5;2;3;0;2;2;0;1;1
265097.js;10;4;6;3;7;4;3;5;6
879693.js;7;2;5;1;3;2;1;1;1
5131111.js;28;23;5;1;24;23;2;1;2
5056029.js;54;29;25;0;29;29;2;1;5
4136962.js;32;6;26;5;11;6;7;6;8
270887.js;12;1;11;1;2;1;1;2;3
1870596.js;18;1;17;9;10;1;10;9;10
2281358.js;2;1;1;0;1;1;1;0;1
3683314.js;2;1;1;0;1;1;0;0;0
765733.js;7;3;4;0;3;3;2;1;2
4612523.js;8;5;3;0;5;5;0;0;0
263770.js;8;3;5;2;5;3;2;3;3
4656386.js;26;7;19;2;9;7;2;3;4
275131.js;8;4;4;2;6;4;2;2;2
28096.js;24;3;21;6;9;3;9;6;10
1000976.js;6;1;5;0;1;1;0;0;0
1841992.js;49;4;45;9;13;4;11;12;14
41451.js;9;5;4;0;4;4;0;0;0
425947.js;23;3;20;4;7;3;5;5;7
1749205.js;2;1;1;0;1;1;0;0;0
375816.js;28;23;5;0;23;23;0;0;0
2937148.js;24;7;17;6;13;7;6;6;6
4364787.js;14;4;10;3;7;4;4;3;4
665315.js;28;3;25;1;4;3;1;1;1
1711267.js;27;3;24;9;12;3;12;9;12
1652635.js;8;5;3;0;5;5;0;0;0
849563.js;19;2;17;0;2;2;0;1;2
5181513.js;7;3;4;3;6;3;3;3;3
5069746.js;54;1;53;2;3;1;3;4;5
3471219.js;20;8;12;1;9;8;1;1;1
5125208.js;16;3;13;4;7;3;5;4;5
3528582.js;23;2;21;3;5;2;5;4;8
4418926.js;13;3;10;1;4;3;2;1;3
2924594.js;18;7;11;2;9;7;3;2;5
3903999.js;4;2;2;1;3;2;1;1;1
104164.js;22;1;21;3;4;1;4;4;5
3234281.js;29;2;27;5;7;2;8;7;10
729341.js;9;3;6;2;5;3;2;2;2
2847373.js;3;1;2;1;2;1;2;1;2
1915677.js;27;5;22;2;7;5;4;2;6
4530113.js;45;10;35;8;18;10;12;9;12
3670281.js;35;9;26;2;11;9;2;3;4
609805.js;45;14;31;3;17;14;3;8;10
1966691.js;7;3;4;2;5;3;2;2;2
3704097.js;25;4;21;1;5;4;2;1;2
4325775.js;10;5;5;1;6;5;1;1;1
1821557.js;57;14;43;6;20;14;6;6;7
1835996.js;3;1;2;0;1;1;0;0;0
2307576.js;9;5;4;1;6;5;1;1;1
968446.js;3;2;1;1;3;2;1;1;1
2223083.js;23;15;8;2;17;15;2;2;3
3383150.js;13;3;10;0;3;3;0;0;0
129081.js;3;1;2;0;1;1;0;0;2
3878277.js;16;15;1;0;15;15;0;0;0
4232545.js;7;1;6;1;2;1;1;1;2
617337.js;7;2;5;2;4;2;2;2;2
290166.js;13;12;1;0;12;12;0;0;1
2094817.js;7;4;3;0;4;4;0;0;0
3951638.js;7;2;5;0;2;2;0;0;0
3624773.js;8;6;2;0;6;6;0;0;1
2201585.js;8;4;4;2;6;4;2;3;3
4196027.js;44;16;28;1;17;16;1;2;2
3942392.js;17;2;15;0;2;2;0;0;0
4685170.js;5;1;4;1;2;1;1;1;1
3810622.js;21;13;8;1;14;13;2;1;3
1373503.js;24;5;19;0;5;5;1;0;3
2454282.js;12;5;7;1;6;5;2;2;3
1283520.js;19;7;12;2;9;7;2;3;4
3968157.js;12;5;7;0;5;5;0;0;0
1184972.js;10;7;3;1;8;7;1;1;1
604351.js;9;1;8;4;5;1;4;4;4
3987006.js;37;6;31;1;7;6;1;2;2
4611052.js;8;4;4;1;5;4;1;1;1
883501.js;9;1;8;4;5;1;4;4;4
15442.js;10;4;6;2;6;4;2;3;4
2863978.js;19;3;16;2;5;3;5;2;5
3995903.js;26;13;13;4;17;13;5;4;5
266355.js;15;4;11;2;6;4;2;4;4
2177735.js;16;4;12;2;6;4;2;2;3
2777161.js;4;2;2;0;2;2;0;0;1
1839307.js;31;14;17;3;17;14;3;3;3
412592.js;5;4;1;0;4;4;0;1;1
2743029.js;9;3;6;2;5;3;2;2;2
1305443.js;10;6;4;0;6;6;0;0;0
1803496.js;10;1;9;1;2;1;1;1;1
1916712.js;26;15;11;2;17;15;2;2;3
2865950.js;4;1;3;0;1;1;0;0;0
4464418.js;6;4;2;0;4;4;0;0;0
469405.js;16;5;11;1;6;5;1;1;1
2630672.js;34;9;25;0;9;9;0;0;0
4319492.js;24;1;23;13;14;1;15;13;15
2033551.js;25;10;15;8;18;10;9;8;9
1353707.js;7;2;5;0;2;2;0;1;1
1094514.js;10;7;3;0;7;7;0;0;0
515520.js;12;4;8;0;4;4;0;1;1
950994.js;56;11;45;15;26;11;18;15;22
1078196.js;12;1;11;1;2;1;1;1;3
3222522.js;3;1;2;0;1;1;0;0;0
1131446.js;11;4;7;0;4;4;0;0;0
3560677.js;2;1;1;0;1;1;0;0;1
233418.js;20;13;7;3;16;13;3;3;4
2742234.js;14;5;9;1;6;5;1;1;1
3782013.js;9;2;7;1;3;2;1;1;1
748526.js;11;5;6;0;5;5;1;0;1
1153179.js;2;1;1;1;2;1;1;1;1
690254.js;5;1;4;1;2;1;2;1;2
807314.js;11;1;10;1;2;1;1;1;1
3751157.js;18;2;16;11;13;2;12;11;12
1857913.js;25;11;14;0;11;11;0;1;2
5334823.js;7;5;2;0;5;5;0;0;1
3178340.js;16;3;13;0;3;3;0;0;1
3298356.js;10;5;5;1;6;5;1;1;1
571028.js;7;2;5;2;4;2;3;2;3
4662285.js;3;2;1;0;2;2;0;0;0
4526263.js;8;4;4;1;5;4;1;1;1
10503.js;4;2;2;0;2;2;0;0;0
1076476.js;24;3;21;4;7;3;4;4;4
1662521.js;11;2;9;3;5;2;3;3;4
3130831.js;14;4;10;1;5;4;1;1;2
2910344.js;3;2;1;0;2;2;0;0;1
4232924.js;4;2;2;2;4;2;2;2;2
35377.js;7;3;4;1;4;3;1;1;1
50462.js;18;5;13;2;7;5;2;2;3
209776.js;7;2;5;4;6;2;4;4;4
2262511.js;6;3;3;0;3;3;0;0;0
665877.js;15;2;13;8;10;2;10;9;11
3220027.js;6;4;2;0;4;4;0;0;0
3986733.js;8;2;6;2;4;2;2;3;3
626596.js;14;10;4;0;10;10;1;1;2
492542.js;12;6;6;1;7;6;1;1;1
4578423.js;3;2;1;0;2;2;0;0;0
532888.js;16;7;9;2;9;7;2;2;2
443684.js;10;3;7;2;5;3;4;2;4
1712749.js;5;3;2;0;3;3;0;0;0
2896439.js;14;2;12;1;3;2;3;1;3
3932222.js;5;2;3;1;3;2;2;1;2
3036833.js;14;7;7;3;10;7;3;3;5
3066402.js;13;2;11;3;5;2;3;3;4
3724401.js;8;1;7;2;3;1;2;3;3
1210500.js;24;4;20;4;8;4;5;4;5
5119875.js;48;13;35;1;14;13;5;2;7
2040061.js;21;10;11;4;14;10;5;4;5
2150257.js;12;3;9;0;3;3;1;1;2
3346902.js;21;5;16;2;7;5;2;2;2
2849207.js;4;3;1;0;3;3;0;0;0
4263240.js;21;2;19;6;8;2;7;6;7
2934518.js;4;1;3;0;1;1;0;1;1
2966709.js;32;10;22;3;13;10;3;4;6
4838851.js;7;5;2;1;6;5;1;1;1
885710.js;28;9;19;8;17;9;8;8;8
3698571.js;31;5;26;1;6;5;1;1;1
4807262.js;29;12;17;7;19;12;9;7;10
897078.js;34;5;29;3;8;5;5;3;6
3023757.js;22;3;19;14;17;3;17;14;17
494663.js;10;2;8;0;2;2;0;0;0
5036214.js;12;2;10;1;3;2;2;3;4
3311315.js;10;1;9;1;2;1;1;1;1
4753881.js;17;2;15;3;5;2;3;3;3
2191963.js;15;4;11;4;8;4;4;4;4
16203.js;33;7;26;5;12;7;6;6;7
3442656.js;16;11;5;1;12;11;1;1;1
3424452.js;15;6;9;1;7;6;1;2;2
1720447.js;18;4;14;2;6;4;2;2;2
254620.js;10;1;9;8;9;1;9;8;9
1347386.js;13;2;11;3;5;2;4;4;5
5139692.js;16;3;13;0;3;3;0;0;0
1134308.js;9;4;5;0;4;4;0;0;0
418741.js;10;1;9;0;1;1;0;0;0
134644.js;8;1;7;0;1;1;1;0;1
1154278.js;6;2;4;1;3;2;1;1;1
1220231.js;21;9;12;2;11;9;3;2;3
1763122.js;39;11;28;0;11;11;0;11;11
2824562.js;16;11;5;0;11;11;0;0;0
2071333.js;10;8;2;0;8;8;0;1;1
787664.js;18;5;13;12;17;5;13;12;13
4917900.js;23;8;15;0;8;8;0;0;0
2928509.js;3;1;2;1;2;1;1;1;1
3336793.js;20;1;19;2;3;1;4;2;4
81312.js;22;4;18;9;13;4;11;9;11
5871.js;20;3;17;4;7;3;4;5;5
3219415.js;7;6;1;0;6;6;0;0;0
4261038.js;5;1;4;0;1;1;0;0;0
2795899.js;4;2;2;2;4;2;2;2;2
4049327.js;7;5;2;0;5;5;0;0;0
4368247.js;36;6;30;12;18;6;13;13;14
1775149.js;13;2;11;3;5;2;3;3;5
3522256.js;12;7;5;0;7;7;0;1;1
640182.js;7;2;5;1;3;2;1;1;1
1962687.js;37;7;30;1;8;7;2;1;2
4402252.js;5;2;3;0;2;2;0;0;0
2710890.js;15;10;5;0;10;10;0;0;0
2272296.js;3;1;2;0;1;1;0;0;0
578077.js;14;5;9;2;7;5;3;2;3
355989.js;9;4;5;1;5;4;3;1;3
2709422.js;10;3;7;0;3;3;2;0;2
860193.js;12;4;8;1;5;4;1;1;1
1261441.js;4;2;2;1;3;2;1;1;1
4829796.js;17;1;16;2;3;1;2;2;2
267424.js;11;3;8;5;8;3;5;6;6
820466.js;6;4;2;0;4;4;0;0;0
4800912.js;10;3;7;3;6;3;4;3;4
192105.js;5;2;3;1;3;2;1;1;1
100501.js;22;14;8;2;16;14;3;2;3
351917.js;7;2;5;2;4;2;2;2;2
1364599.js;17;9;8;0;9;9;0;1;1
2348607.js;5;4;1;0;4;4;0;0;0
2902522.js;32;17;15;5;21;16;5;6;6
4094334.js;23;13;10;1;14;13;1;2;2
5255614.js;12;4;8;3;7;4;3;3;3
2040767.js;10;3;7;2;5;3;2;3;3
220433.js;16;3;13;0;3;3;1;1;3
1963007.js;31;9;22;18;27;9;18;18;18
185172.js;36;6;30;7;13;6;8;9;10
5272047.js;11;3;8;1;4;3;1;1;1
936819.js;32;5;27;25;30;5;25;25;25
3939378.js;3;1;2;0;1;1;1;0;1
2466387.js;11;4;7;1;5;4;1;1;2
2149104.js;6;3;3;3;6;3;3;3;3
2653407.js;6;2;4;1;3;2;2;1;3
2932923.js;18;14;4;0;14;14;0;0;0
3283142.js;21;3;18;3;6;3;3;3;3
1667688.js;12;3;9;6;9;3;6;6;6
213443.js;11;7;4;2;9;7;2;2;2
1688953.js;7;1;6;1;2;1;3;1;3
401460.js;3;2;1;0;2;2;0;0;0
522762.js;19;5;14;2;7;5;2;2;3
3440337.js;6;1;5;0;1;1;1;0;1
2272027.js;11;1;10;1;2;1;3;1;3
3181634.js;36;8;28;0;8;8;0;0;0
780248.js;19;5;14;10;15;5;12;10;12
1126847.js;14;1;13;2;3;1;2;2;2
2256381.js;4;1;3;1;2;1;1;1;1
3975754.js;3;1;2;0;1;1;0;0;0
2964430.js;9;3;6;0;3;3;0;0;0
997449.js;49;5;44;4;9;5;4;4;4
2191678.js;27;14;13;2;16;14;3;2;4
4060888.js;7;1;6;0;1;1;0;0;0
5105529.js;12;6;6;1;7;6;2;1;2
1170095.js;29;3;26;5;8;3;10;6;11
3697482.js;13;8;5;1;9;8;1;1;1
1677664.js;13;8;5;1;9;8;1;1;1
412426.js;19;6;13;1;7;6;1;1;2
2063491.js;8;4;4;0;4;4;0;0;1
3938451.js;13;1;12;4;5;1;5;4;5
2585486.js;36;8;28;7;15;8;9;8;10
1655515.js;3;1;2;1;2;1;1;1;1
3546939.js;19;5;14;4;9;5;4;4;4
4746611.js;19;3;16;7;10;3;7;9;9
1067848.js;15;8;7;1;9;8;3;1;3
3879457.js;63;24;39;32;56;24;34;32;34
117588.js;3;1;2;0;1;1;0;0;0
2111689.js;16;1;15;2;3;1;4;2;5
1338500.js;4;2;2;0;2;2;1;0;1
213020.js;30;21;9;1;22;21;1;3;3
874989.js;21;12;9;6;18;12;7;6;7
1316174.js;14;8;6;2;10;8;2;2;2
1188226.js;21;8;13;7;15;8;7;7;8
277967.js;4;2;2;1;3;2;1;1;1
2799249.js;12;4;8;1;5;4;1;2;3
3292120.js;8;6;2;0;6;6;0;0;0
1031454.js;3;1;2;2;3;1;2;2;2
2343751.js;6;5;1;0;5;5;0;0;0
4510058.js;11;6;5;0;6;6;0;1;1
2356903.js;29;2;27;1;3;2;2;1;5
617426.js;19;7;12;3;10;7;4;3;4
1461060.js;36;2;34;9;11;2;10;9;10
1158509.js;21;1;20;14;15;1;15;14;15
3284957.js;10;3;7;1;4;3;2;5;6
1839352.js;25;11;14;0;11;11;0;0;0
2276860.js;5;3;2;0;3;3;0;0;0
2499109.js;15;3;12;1;4;3;1;1;1
1709365.js;9;1;8;0;1;1;0;0;0
1856954.js;15;11;4;0;11;11;0;0;0
3293549.js;4;3;1;0;3;3;1;0;1
2020119.js;3;1;2;0;1;1;0;0;0
677267.js;14;5;9;1;6;5;2;1;3
3456659.js;5;2;3;0;2;2;0;0;0
415365.js;33;2;31;10;12;2;11;11;12
1859869.js;7;1;6;1;2;1;3;1;3
4427398.js;7;4;3;1;5;4;2;1;2
5257655.js;19;16;3;0;16;16;0;0;0
3148904.js;27;7;20;0;7;7;2;0;2
1040648.js;5;4;1;0;4;4;0;0;0
4968185.js;8;1;7;2;3;1;2;2;2
396177.js;19;17;2;1;18;17;1;1;1
3280104.js;12;6;6;1;7;6;1;1;1
3281878.js;16;3;13;0;3;3;1;1;2
1068132.js;56;10;46;4;14;10;4;4;4
589011.js;17;1;16;4;5;1;4;4;4
3067253.js;10;3;7;0;3;3;0;0;0
140674.js;4;2;2;0;2;2;0;0;0
1470555.js;22;7;15;1;8;7;1;1;1
2831406.js;13;1;12;0;1;1;0;1;1
4021921.js;2;1;1;0;1;1;0;0;0
3267674.js;23;7;16;2;9;7;2;2;2
3688230.js;13;6;7;0;6;6;0;0;0
108809.js;13;6;7;0;6;6;0;0;0
508296.js;18;9;9;4;13;9;4;4;4
1353110.js;7;6;1;0;6;6;0;0;0
2467977.js;8;2;6;2;4;2;3;2;3
4458432.js;7;2;5;0;2;2;1;0;1
3966634.js;3;1;2;1;2;1;1;1;1
1022753.js;8;4;4;3;7;4;3;3;4
479175.js;14;3;11;0;3;3;0;0;0
4705409.js;7;2;5;0;2;2;0;1;1
1303708.js;21;5;16;4;9;5;4;4;5
33031.js;17;1;16;16;17;1;16;16;16
292126.js;11;7;4;0;7;7;0;0;0
249921.js;21;6;15;6;12;6;8;6;8
2949184.js;27;15;12;0;15;15;0;2;2
3329165.js;11;7;4;0;7;7;0;2;2
3512254.js;10;2;8;6;8;2;7;6;7
3036654.js;29;7;22;3;10;7;4;5;6
611673.js;46;14;32;4;18;14;4;5;6
1405982.js;2;1;1;0;1;1;0;0;0
221339.js;14;3;11;2;5;3;2;2;2
526902.js;6;2;4;0;2;2;1;0;1
4749132.js;8;3;5;1;4;3;1;2;2
4820829.js;15;7;8;1;8;7;1;1;1
2060567.js;16;2;14;11;13;2;11;12;13
426335.js;16;1;15;0;1;1;1;0;1
720876.js;5;1;4;0;1;1;0;0;1
3799378.js;10;8;2;0;8;8;0;0;0
1860879.js;17;2;15;2;4;2;3;2;3
2242309.js;14;2;12;6;8;2;6;6;7
3109779.js;14;5;9;0;5;5;0;0;0
3800941.js;4;2;2;0;2;2;0;0;0
2966902.js;14;1;13;2;3;1;3;2;3
3063595.js;14;1;13;2;3;1;2;2;2
2525743.js;31;4;27;3;7;4;5;3;5
1682582.js;16;8;8;1;9;8;1;2;2
319066.js;25;11;14;0;11;11;0;1;1
757708.js;17;11;6;1;12;11;1;1;1
411881.js;19;2;17;5;7;2;6;6;8
622601.js;24;2;22;2;4;2;3;2;3
4952351.js;15;2;13;0;2;2;5;0;5
5029512.js;39;13;26;3;15;12;4;3;4
2565286.js;14;7;7;0;7;7;0;0;1
1298498.js;44;10;34;4;14;10;4;5;5
3490427.js;19;6;13;3;9;6;5;3;5
1119070.js;30;1;29;4;5;1;4;6;6
973156.js;26;5;21;1;6;5;1;4;5
795102.js;34;6;28;4;10;6;4;6;6
3750656.js;12;3;9;1;4;3;1;1;1
2754103.js;14;9;5;3;12;9;4;3;4
3246247.js;26;10;16;3;13;10;4;3;4
1458158.js;12;1;11;4;5;1;4;4;4
267568.js;14;4;10;2;6;4;3;3;4
1856804.js;5;4;1;0;4;4;0;0;0
1162001.js;5;4;1;0;4;4;0;0;0
3282284.js;5;1;4;0;1;1;0;0;0
4723564.js;32;11;21;1;12;11;1;1;1
1258931.js;16;12;4;0;12;12;0;0;0
3553722.js;15;13;2;0;13;13;0;1;1
1884680.js;23;4;19;3;7;4;4;4;6
4151296.js;24;8;16;4;12;8;5;6;7
2321465.js;16;2;14;0;2;2;0;2;3
3735331.js;10;5;5;0;5;5;0;0;0
4868316.js;22;2;20;0;2;2;0;0;0
3394304.js;3;1;2;0;1;1;0;1;2
4752925.js;8;2;6;2;4;2;2;2;2
2088963.js;16;9;7;5;14;9;6;5;6
250304.js;20;9;11;2;11;9;3;3;4
4276769.js;6;5;1;0;5;5;0;0;0
2330945.js;14;1;13;6;7;1;9;6;9
3316992.js;17;7;10;4;11;7;7;5;8
4054328.js;17;1;16;2;3;1;2;2;2
214169.js;14;5;9;4;9;5;5;4;5
2742551.js;14;6;8;1;7;6;1;1;2
4799765.js;7;2;5;1;3;2;2;2;3
5257002.js;7;1;6;0;1;1;0;0;0
1988631.js;4;3;1;0;3;3;0;0;0
956374.js;8;4;4;0;4;4;0;0;1
3957811.js;6;2;4;1;3;2;1;1;1
1792625.js;3;2;1;0;2;2;0;0;0
4906916.js;9;1;8;2;3;1;2;2;2
2265982.js;28;10;18;4;14;10;5;4;6
4794805.js;24;4;20;14;18;4;15;14;17
3605477.js;25;6;19;6;12;6;6;6;7
4755850.js;28;3;25;3;6;3;3;5;5
3037202.js;11;6;5;5;11;6;5;5;5
863408.js;16;1;15;6;7;1;6;8;8
3189624.js;18;3;15;3;6;3;4;6;8
4190241.js;3;1;2;2;3;1;2;2;2
4936604.js;7;5;2;1;6;5;2;1;2
3198755.js;3;2;1;0;2;2;0;0;0
3076121.js;23;2;21;1;3;2;2;2;4
2400296.js;21;8;13;0;8;8;0;0;0
56305.js;12;2;10;1;3;2;1;1;1
869730.js;18;7;11;5;12;7;5;5;5
3588323.js;9;4;5;0;4;4;0;1;1
16939.js;63;2;61;1;3;2;6;1;6
1839243.js;17;9;8;1;10;9;1;2;3
264118.js;9;4;5;2;6;4;2;3;3
783356.js;32;5;27;3;8;5;4;4;5
626419.js;11;9;2;0;9;9;0;0;2
3631235.js;10;5;5;1;6;5;2;1;2
27908.js;2;1;1;0;1;1;0;0;0
104897.js;5;4;1;1;5;4;1;1;1
3730136.js;47;18;29;8;26;18;9;9;9
2273713.js;32;6;26;1;7;6;1;1;1
944374.js;17;9;8;3;12;9;4;3;4
1958399.js;10;1;9;1;2;1;1;2;2
1158949.js;4;2;2;0;2;2;0;0;0
914598.js;6;2;4;0;2;2;0;0;0
3089180.js;4;2;2;1;3;2;2;1;2
2625911.js;4;1;3;1;2;1;3;1;3
971120.js;25;11;14;8;19;11;8;8;8
1742529.js;45;13;32;1;14;13;2;2;3
3815541.js;43;1;42;4;5;1;6;11;13
333005.js;26;1;25;2;3;1;2;2;4
677638.js;9;3;6;1;4;3;1;1;2
1781310.js;8;7;1;1;8;7;1;1;1
770954.js;9;6;3;0;6;6;0;0;0
4808456.js;26;8;18;7;15;8;7;7;8
282831.js;3;1;2;2;3;1;2;2;2
2552147.js;6;3;3;0;3;3;0;0;0
1891690.js;5;2;3;0;2;2;0;0;0
2784971.js;5;3;2;1;4;3;2;1;2
2690203.js;9;5;4;0;5;5;0;0;0
4808663.js;16;5;11;1;6;5;2;1;2
4222022.js;15;6;9;0;6;6;2;0;2
1814692.js;6;3;3;0;3;3;0;0;0
2203746.js;14;4;10;0;4;4;0;0;1
1812431.js;2;1;1;0;1;1;0;0;0
2146971.js;15;6;9;0;6;6;0;0;0
929830.js;16;7;9;3;10;7;3;3;4
1072065.js;2;1;1;1;2;1;1;1;1
4088736.js;8;3;5;1;4;3;1;1;1
973911.js;22;2;20;8;10;2;9;9;10
3947373.js;7;3;4;1;4;3;1;2;2
733445.js;3;2;1;0;2;2;0;0;0
128603.js;24;5;19;4;9;5;4;4;4
4644325.js;12;10;2;0;10;10;0;0;0
2016772.js;17;15;2;0;15;15;0;0;0
4864714.js;15;8;7;4;12;8;5;5;7
3517445.js;25;14;11;2;16;14;3;2;3
3633288.js;14;1;13;4;5;1;5;4;5
3431096.js;24;3;21;1;4;3;2;1;2
301897.js;35;7;28;7;14;7;9;8;10
2189232.js;4;2;2;0;2;2;0;1;2
2676079.js;40;11;29;6;17;11;8;8;10
1736532.js;24;5;19;0;5;5;0;0;0
4036828.js;20;10;10;0;10;10;0;2;3
212804.js;12;3;9;0;3;3;0;0;0
2635415.js;22;20;2;0;20;20;0;0;0
1720575.js;10;2;8;1;3;2;1;2;2
2555045.js;9;6;3;0;6;6;0;1;1
5066290.js;3;1;2;2;3;1;2;2;2
5044409.js;15;7;8;4;11;7;4;5;5
4443725.js;12;3;9;0;3;3;0;0;0
519038.js;13;4;9;7;11;4;9;7;9
2312165.js;13;3;10;1;4;3;1;1;1
1862139.js;20;2;18;0;2;2;2;1;3
35239.js;34;1;33;3;4;1;4;3;4
3946520.js;8;4;4;1;5;4;1;1;1
3424205.js;5;2;3;0;2;2;0;0;0
662008.js;13;3;10;0;3;3;0;0;0
2195895.js;6;5;1;0;5;5;0;0;0
1209421.js;14;3;11;0;3;3;2;1;3
4068623.js;19;3;16;3;6;3;3;3;3
783378.js;21;5;16;1;6;5;1;2;4
498372.js;9;2;7;0;2;2;0;0;0
2777879.js;6;2;4;0;2;2;0;0;0
4852453.js;59;20;39;10;30;20;11;14;17
2981592.js;33;11;22;3;14;11;4;3;4
4107188.js;4;2;2;0;2;2;0;0;0
1900008.js;39;9;30;9;18;9;9;10;13
5160470.js;19;2;17;4;6;2;5;4;5
660070.js;4;3;1;1;4;3;1;1;1
2912315.js;17;7;10;9;16;7;9;9;9
2787162.js;4;3;1;0;3;3;1;0;1
1283194.js;8;4;4;2;6;4;2;2;2
2921179.js;13;8;5;0;8;8;0;0;1
2255394.js;3;2;1;1;3;2;1;1;1
2866026.js;12;3;9;1;4;3;1;1;1
1229243.js;25;3;22;4;7;3;5;4;5
5056277.js;23;10;13;2;12;10;2;4;4
200831.js;18;6;12;4;10;6;5;5;6
578313.js;5;1;4;2;3;1;2;2;2
3660175.js;5;3;2;1;4;3;1;1;1
1804275.js;5;4;1;0;4;4;0;0;0
17528.js;27;9;18;2;11;9;2;2;2
5030036.js;9;6;3;0;6;6;0;0;1
561250.js;8;5;3;0;5;5;0;0;0
306560.js;25;1;24;12;13;1;12;12;12
5259019.js;5;4;1;0;4;4;0;0;0
4838849.js;10;5;5;0;5;5;0;0;0
5160017.js;19;8;11;0;8;8;0;0;0
2206659.js;10;2;8;3;5;2;4;3;6
1781324.js;20;8;12;2;10;8;4;2;6
3201689.js;5;1;4;1;2;1;1;1;1
4842501.js;8;3;5;0;3;3;0;0;0
4044763.js;8;5;3;2;7;5;3;2;3
654330.js;8;2;6;5;7;2;6;6;6
4602727.js;11;2;9;3;5;2;4;3;4
2587385.js;15;4;11;5;9;4;5;5;5
1048181.js;22;6;16;1;7;6;1;1;1
3660120.js;6;4;2;1;5;4;1;1;1
1408634.js;15;7;8;1;8;7;3;1;3
2179943.js;15;2;13;1;3;2;2;1;2
703180.js;12;4;8;0;4;4;0;0;0
2642285.js;18;6;12;1;7;6;1;1;2
2776376.js;7;2;5;0;2;2;0;0;0
2556371.js;17;12;5;2;14;12;2;2;2
1956915.js;9;6;3;1;7;6;1;1;1
5010630.js;19;7;12;2;9;7;3;2;3
691868.js;9;1;8;1;2;1;1;1;1
3326142.js;15;7;8;0;7;7;0;0;0
3314058.js;14;3;11;0;3;3;0;0;0
265136.js;9;4;5;2;6;4;2;3;3
99121.js;25;14;11;4;18;14;4;4;4
4071560.js;11;5;6;1;6;5;2;1;3
1870105.js;14;2;12;7;9;2;8;7;8
4796668.js;22;7;15;2;9;7;2;2;2
3006296.js;2;1;1;0;1;1;0;0;0
3297741.js;10;4;6;1;5;4;2;2;2
811187.js;24;7;17;1;8;7;1;1;1
2284066.js;17;13;4;0;13;13;0;0;0
387920.js;2;1;1;0;1;1;0;0;0
3294026.js;5;4;1;1;5;4;1;1;1
973193.js;18;4;14;4;8;4;4;4;4
553717.js;16;8;8;1;9;8;2;1;2
2245691.js;20;7;13;8;15;7;9;8;9
1622403.js;10;2;8;0;2;2;0;1;1
888398.js;26;5;21;0;5;5;3;1;4
2005503.js;19;5;14;3;8;5;4;4;4
1775048.js;13;2;11;4;6;2;5;4;5
4799686.js;9;4;5;1;5;4;1;1;1
2089500.js;27;4;23;0;4;4;1;8;8
2219336.js;25;4;21;0;4;4;1;0;1
1844002.js;12;5;7;2;7;5;3;2;3
263908.js;7;4;3;1;5;4;2;2;3
372790.js;22;3;19;1;4;3;1;1;3
4236050.js;25;24;1;0;24;24;0;0;0
1398775.js;8;3;5;0;3;3;1;1;2
672871.js;19;1;18;4;5;1;6;4;7
1117661.js;4;3;1;0;3;3;0;0;0
1918653.js;42;8;34;1;9;8;1;2;4
489631.js;8;4;4;0;4;4;0;0;0
4834209.js;9;7;2;1;8;7;1;2;2
542901.js;24;1;23;8;9;1;8;9;9
1402978.js;9;3;6;2;5;3;2;2;2
688417.js;3;2;1;0;2;2;0;0;0
2982812.js;21;8;13;2;10;8;3;3;4
862615.js;11;2;9;2;4;2;2;2;2
1370423.js;18;4;14;2;6;4;3;2;4
881264.js;23;6;17;0;6;6;0;0;0
938.js;6;2;4;1;3;2;1;1;1
1897620.js;17;5;12;1;6;5;1;1;1
947701.js;8;5;3;1;6;5;1;1;1
3113689.js;87;12;75;4;16;12;9;5;10
51734.js;7;1;6;1;2;1;2;1;2
305161.js;19;3;16;8;11;3;9;9;10
1088573.js;6;3;3;1;4;3;1;1;1
230450.js;9;2;7;0;2;2;0;0;0
3891190.js;8;5;3;0;5;5;0;0;0
2941014.js;23;2;21;7;9;2;8;8;9
1439066.js;21;5;16;1;6;5;1;1;1
1245802.js;12;2;10;0;2;2;0;1;2
720687.js;14;3;11;3;6;3;3;3;3
2031213.js;48;30;18;2;32;30;4;2;4
5201833.js;47;11;36;3;14;11;3;4;4
3052171.js;17;5;12;3;8;5;4;4;6
4354026.js;5;3;2;2;5;3;2;2;2
727829.js;12;2;10;2;4;2;4;2;5
388892.js;9;3;6;2;5;3;2;2;2
447343.js;9;4;5;1;5;4;1;1;1
5283890.js;4;3;1;0;3;3;0;0;0
3353070.js;19;6;13;0;6;6;0;0;1
4983769.js;9;4;5;1;5;4;1;1;1
2691628.js;20;5;15;0;5;5;0;0;1
381659.js;16;2;14;0;2;2;1;0;1
572963.js;26;9;17;3;12;9;5;6;8
1179780.js;6;5;1;0;5;5;0;0;0
4194.js;15;4;11;4;8;4;4;4;6
4129.js;7;3;4;1;4;3;1;1;1
3017443.js;4;2;2;0;2;2;0;0;0
1659525.js;33;15;18;5;20;15;5;5;5
138018.js;4;1;3;1;2;1;1;1;1
3512672.js;17;1;16;8;9;1;9;8;9
3012111.js;35;2;33;7;9;2;7;8;8
136007.js;7;3;4;2;5;3;3;2;3
960200.js;4;2;2;0;2;2;0;0;0
5202210.js;13;9;4;4;13;9;4;4;4
5215737.js;12;3;9;3;6;3;3;4;4
3317011.js;12;6;6;1;7;6;2;1;2
1899277.js;11;3;8;1;4;3;1;1;1
4962801.js;2;1;1;0;1;1;0;0;0
628780.js;16;15;1;1;15;14;1;1;1
1824180.js;13;6;7;5;11;6;5;5;5
4055395.js;5;3;2;0;3;3;0;0;0
4535198.js;3;2;1;0;2;2;0;0;0
3716054.js;10;2;8;4;6;2;6;4;6
4869088.js;6;3;3;1;4;3;1;1;1
110823.js;11;10;1;0;10;10;0;1;1
4378914.js;15;1;14;5;6;1;6;6;7
5141576.js;6;2;4;2;4;2;2;2;2
1084602.js;16;3;13;3;6;3;5;3;5
2170837.js;36;17;19;4;21;17;4;4;4
3755065.js;7;3;4;1;4;3;2;1;2
5221381.js;7;1;6;1;2;1;1;1;1
953678.js;2;1;1;1;2;1;1;1;1
3479629.js;11;4;7;0;4;4;0;0;0
3439206.js;4;1;3;1;2;1;1;1;1
289789.js;13;12;1;0;12;12;0;1;1
955241.js;16;2;14;12;14;2;12;12;12
3938239.js;4;1;3;1;2;1;1;1;1
726176.js;18;3;15;1;4;3;2;2;5
4132305.js;10;7;3;2;9;7;2;2;2
4262317.js;8;1;7;0;1;1;0;0;0
748238.js;5;2;3;1;3;2;1;1;1
1270473.js;25;9;16;0;9;9;1;1;2
1162638.js;11;1;10;5;6;1;5;5;7
2148829.js;46;18;28;0;18;18;3;2;5
1353643.js;12;6;6;0;6;6;0;0;0
5190152.js;3;1;2;0;1;1;0;0;0
295081.js;9;1;8;0;1;1;0;0;0
2717003.js;11;1;10;1;2;1;1;1;1
1100733.js;25;5;20;1;6;5;1;1;1
1187160.js;6;2;4;0;2;2;0;0;0
805765.js;17;2;15;5;7;2;5;5;5
517106.js;13;1;12;0;1;1;0;0;0
3810530.js;8;4;4;0;4;4;0;1;1
996695.js;28;1;27;2;3;1;3;2;6
650346.js;20;6;14;0;6;6;0;0;0
3019413.js;5;2;3;2;4;2;2;2;2
1648072.js;5;2;3;1;3;2;1;1;1
4556507.js;30;19;11;3;21;18;3;3;3
100972.js;39;15;24;3;18;15;3;3;3
542222.js;3;1;2;0;1;1;0;1;1
3323866.js;3;2;1;1;3;2;1;1;1
2485483.js;12;2;10;1;3;2;1;1;1
1931603.js;9;2;7;3;5;2;3;5;5
1350021.js;5;1;4;0;1;1;0;0;0
3888148.js;12;8;4;0;8;8;0;0;0
1199347.js;15;12;3;0;12;12;0;0;1
1087489.js;5;2;3;3;5;2;3;3;3
698149.js;11;3;8;0;3;3;0;0;0
2662247.js;8;1;7;0;1;1;0;0;0
1276938.js;25;2;23;4;6;2;4;4;4
3896734.js;45;20;25;1;21;20;2;1;2
341653.js;15;2;13;3;5;2;4;3;4
110582.js;14;8;6;2;10;8;2;2;2
2867596.js;33;6;27;3;9;6;3;3;10
2227212.js;15;5;10;0;5;5;2;0;2
719849.js;18;3;15;1;4;3;1;3;4
4751022.js;28;12;16;1;13;12;2;1;2
1278183.js;10;5;5;0;5;5;0;0;0
3524357.js;12;2;10;5;7;2;5;5;5
4837728.js;12;5;7;2;7;5;2;2;2
418761.js;8;1;7;1;2;1;1;1;2
2196006.js;11;2;9;0;2;2;1;0;1
3938763.js;7;1;6;2;3;1;3;2;3
1343845.js;23;1;22;3;4;1;3;4;4
3989262.js;17;3;14;1;4;3;1;1;1
4390520.js;15;13;2;2;15;13;2;2;2
1023494.js;20;3;17;3;6;3;3;4;5
4772096.js;19;10;9;0;10;10;0;0;0
954140.js;17;6;11;1;7;6;2;2;3
405732.js;3;1;2;0;1;1;0;0;0
486764.js;6;4;2;0;4;4;0;0;0
49961.js;5;3;2;0;3;3;0;0;1
59149.js;23;3;20;0;3;3;0;2;2
984008.js;21;15;6;0;15;15;0;0;0
2892022.js;8;3;5;0;3;3;0;0;0
5192554.js;6;1;5;3;4;1;3;4;4
3163050.js;7;4;3;0;4;4;1;0;1
1573970.js;10;2;8;1;3;2;3;1;3
265672.js;8;4;4;2;6;4;2;3;3
522631.js;5;1;4;2;3;1;2;2;2
1390514.js;20;6;14;2;8;6;2;2;3
4005322.js;28;13;15;4;17;13;4;4;4
5022240.js;22;9;13;4;13;9;4;6;6
4025022.js;5;2;3;3;5;2;3;3;3
3299232.js;8;7;1;0;7;7;1;0;1
3798031.js;30;20;10;2;22;20;2;2;2
763577.js;12;7;5;0;7;7;1;1;2
1235067.js;16;3;13;1;4;3;1;3;4
1811057.js;24;12;12;2;14;12;2;3;3
2447141.js;38;11;27;5;16;11;5;7;8
1810743.js;45;3;42;0;3;3;2;1;4
1979592.js;9;3;6;1;4;3;1;1;1
2586254.js;7;2;5;4;6;2;5;4;5
68320.js;17;5;12;6;11;5;6;7;7
5049831.js;13;5;8;1;6;5;4;1;4
3220768.js;12;1;11;4;5;1;4;4;4
3671492.js;6;3;3;0;3;3;0;0;0
4680185.js;3;1;2;0;1;1;0;0;0
2815690.js;29;9;20;3;12;9;3;6;7
2039264.js;21;7;14;0;7;7;0;0;0
2824563.js;17;4;13;0;4;4;1;3;4
1293204.js;10;2;8;1;3;2;1;1;1
559968.js;15;6;9;1;6;5;3;3;5
3517544.js;25;12;13;1;13;12;2;1;3
520609.js;31;15;16;8;23;15;9;9;10
119802.js;23;2;21;8;10;2;9;10;10
1660029.js;13;7;6;0;7;7;1;0;2
777898.js;13;4;9;1;5;4;1;1;1
4836533.js;10;3;7;0;3;3;0;0;0
930225.js;5;2;3;2;4;2;2;2;2
3089247.js;12;2;10;2;4;2;2;2;2
4975090.js;13;1;12;0;1;1;0;1;1
4668865.js;27;17;10;4;21;17;5;5;6
1245758.js;26;13;13;2;15;13;2;2;3
1994345.js;9;6;3;2;8;6;2;3;3
987815.js;16;1;15;3;4;1;4;3;4
514630.js;9;1;8;2;3;1;2;3;3
2625828.js;17;5;12;7;12;5;7;7;7
715151.js;24;8;16;0;8;8;0;0;0
3350936.js;10;2;8;3;5;2;3;3;3
3659040.js;16;2;14;0;2;2;0;0;0
5248978.js;10;1;9;1;2;1;1;1;1
2930374.js;2;1;1;0;1;1;0;0;0
2728111.js;13;3;10;1;4;3;2;1;2
859182.js;19;1;18;10;11;1;11;10;11
2626738.js;11;2;9;3;5;2;3;3;3
1356064.js;8;2;6;0;2;2;0;0;0
4620701.js;5;2;3;0;2;2;1;0;1
1083928.js;24;11;13;3;14;11;4;3;4
1482640.js;17;7;10;2;9;7;5;3;5
4087168.js;16;14;2;0;14;14;0;0;0
5052868.js;3;1;2;0;1;1;0;0;0
4101957.js;10;5;5;1;6;5;1;1;1
5024308.js;14;6;8;2;8;6;2;2;2
267886.js;6;3;3;1;4;3;1;2;2
1185389.js;22;5;17;0;5;5;0;0;0
4770598.js;4;1;3;2;3;1;3;2;3
1331315.js;12;1;11;7;8;1;7;7;7
4052668.js;24;7;17;0;7;7;0;0;0
962210.js;18;2;16;2;4;2;2;2;2
1269985.js;39;7;32;0;7;7;0;1;3
3683245.js;4;2;2;0;2;2;1;0;1
140207.js;9;1;8;0;1;1;1;0;1
3625092.js;8;2;6;1;3;2;1;1;1
1350620.js;6;4;2;0;4;4;0;0;0
326418.js;9;3;6;0;3;3;2;1;2
2971876.js;9;1;8;0;1;1;0;0;0
420956.js;8;1;7;4;5;1;4;4;4
4190734.js;3;2;1;0;2;2;0;0;0
99771.js;24;15;9;2;17;15;2;3;4
4393162.js;7;5;2;0;5;5;0;0;0
872614.js;6;2;4;0;2;2;0;0;0
3715747.js;4;1;3;1;2;1;3;1;3
5243239.js;16;4;12;0;4;4;0;2;2
4654236.js;12;9;3;0;9;9;0;0;0
1712498.js;23;7;16;3;10;7;5;3;5
69459.js;13;5;8;0;5;5;0;0;0
4905076.js;16;11;5;0;11;11;0;0;0
4229991.js;8;2;6;2;4;2;2;2;2
4674313.js;17;6;11;1;7;6;1;4;4
4020524.js;17;5;12;1;6;5;1;1;1
1159883.js;12;10;2;0;10;10;0;0;0
2063942.js;21;8;13;4;12;8;9;4;9
2522382.js;3;2;1;0;2;2;0;1;1
1954009.js;26;9;17;5;14;9;6;5;6
1123540.js;39;8;31;4;12;8;5;4;5
2606015.js;2;1;1;0;1;1;0;0;0
1297677.js;13;5;8;1;6;5;2;1;3
857823.js;7;6;1;0;6;6;0;0;0
982373.js;4;1;3;1;2;1;1;1;1
1658586.js;18;6;12;2;8;6;2;3;7
4969344.js;21;2;19;3;5;2;4;3;6
656116.js;14;2;12;1;3;2;1;1;1
987507.js;14;4;10;3;7;4;4;3;4
4676360.js;27;17;10;1;18;17;1;1;2
675610.js;11;4;7;0;4;4;0;0;0
1814784.js;8;1;7;1;2;1;1;1;2
3596865.js;44;21;23;2;23;21;5;3;7
3127095.js;13;7;6;0;7;7;0;0;0
872701.js;6;1;5;1;2;1;1;1;1
3902813.js;34;6;28;1;7;6;1;2;3
1744216.js;12;1;11;2;3;1;3;2;3
5181673.js;7;3;4;3;6;3;3;3;3
4891970.js;41;17;24;6;23;17;6;6;6
98349.js;16;14;2;0;14;14;0;0;1
1745039.js;12;7;5;1;8;7;1;1;1
3848822.js;39;8;31;2;10;8;3;2;3
111765.js;20;7;13;0;7;7;0;1;1
240086.js;11;5;6;1;6;5;1;1;1
2863921.js;36;13;23;3;16;13;4;4;6
5300447.js;9;3;6;4;6;2;4;4;4
593202.js;5;3;2;0;3;3;0;1;1
4970880.js;27;11;16;2;13;11;2;3;3
2898298.js;15;2;13;0;2;2;0;0;0
1359486.js;36;3;33;2;5;3;3;2;3
1896753.js;2;1;1;1;2;1;1;1;1
3463846.js;36;20;16;5;25;20;8;5;8
4147073.js;3;1;2;0;1;1;0;0;1
3290564.js;6;4;2;1;5;4;2;1;2
237189.js;13;3;10;3;6;3;3;3;3
1056556.js;6;4;2;2;6;4;2;2;2
4022522.js;7;2;5;0;2;2;1;0;2
5181627.js;7;3;4;3;6;3;3;3;3
1976692.js;3;1;2;0;1;1;0;0;0
213418.js;9;5;4;1;6;5;1;1;2
2305056.js;18;7;11;2;9;7;2;2;2
1463213.js;35;12;23;0;12;12;0;0;0
1165647.js;31;19;12;0;18;18;0;1;2
493312.js;14;3;11;5;8;3;5;5;5
2868687.js;20;2;18;10;12;2;11;10;12
553863.js;28;6;22;0;6;6;0;0;0
1666289.js;3;1;2;0;1;1;0;0;0
2997248.js;19;6;13;1;6;5;2;8;9
2860508.js;15;2;13;0;2;2;0;0;0
3098716.js;14;3;11;5;8;3;6;6;7
1297976.js;2;1;1;1;2;1;1;1;1
724392.js;13;12;1;0;12;12;0;0;0
5070556.js;25;4;21;14;18;4;15;14;15
431105.js;8;6;2;1;7;6;1;1;1
3243479.js;35;9;26;2;11;9;3;3;5
1195348.js;24;8;16;1;9;8;1;1;1
227338.js;5;2;3;1;3;2;2;1;2
1255129.js;6;3;3;1;4;3;1;1;1
4176427.js;50;12;38;7;19;12;8;11;13
624103.js;5;3;2;1;4;3;1;1;1
1121349.js;2;1;1;0;1;1;0;0;0
2523533.js;25;7;18;3;10;7;3;3;3
1674232.js;7;4;3;0;4;4;0;0;0
2683618.js;29;12;17;1;13;12;1;1;1
877899.js;6;2;4;0;2;2;1;2;2
1922842.js;13;1;12;3;4;1;4;3;5
4394108.js;32;5;27;9;14;5;11;10;13
4809418.js;3;1;2;0;1;1;1;0;1
569143.js;5;4;1;0;4;4;0;0;0
388132.js;3;1;2;0;1;1;0;0;0
3244111.js;19;10;9;1;11;10;2;1;2
1129915.js;4;1;3;0;1;1;0;0;0
262025.js;18;10;8;0;10;10;3;0;3
4637735.js;9;5;4;0;5;5;0;0;0
1754022.js;7;3;4;0;3;3;0;0;0
783102.js;5;4;1;0;4;4;0;0;0
4125127.js;21;9;12;1;10;9;2;1;2
1400085.js;9;1;8;1;2;1;1;1;1
1952826.js;15;4;11;3;7;4;3;3;4
3540198.js;7;2;5;1;3;2;1;1;1
4453765.js;9;6;3;0;6;6;0;0;0
1650021.js;15;4;11;0;4;4;0;0;2
2195720.js;8;5;3;0;5;5;0;0;0
2964451.js;8;4;4;0;4;4;0;0;0
2794705.js;26;5;21;1;6;5;3;3;5
783570.js;17;2;15;1;3;2;1;3;3
3357400.js;9;5;4;3;8;5;3;3;3
962495.js;14;1;13;7;8;1;8;7;8
99059.js;30;18;12;3;21;18;3;3;3
119940.js;10;3;7;1;4;3;1;1;1
1950456.js;3;1;2;0;1;1;0;0;0
2272186.js;10;2;8;2;4;2;2;2;2
1337498.js;17;5;12;4;9;5;5;4;5
4961765.js;23;9;14;4;12;8;6;4;6
3321604.js;7;6;1;0;6;6;0;0;0
803917.js;17;12;5;0;12;12;0;0;0
2185691.js;14;8;6;0;8;8;0;0;0
118710.js;20;2;18;7;9;2;8;7;8
41494.js;9;2;7;2;4;2;2;2;2
1467290.js;10;7;3;1;8;7;1;1;1
943443.js;6;1;5;3;4;1;3;3;3
2695.js;24;4;20;3;7;4;4;6;9
7831.js;18;5;13;3;8;5;3;4;5
1350061.js;3;2;1;0;2;2;0;0;0
368182.js;16;9;7;0;9;9;1;1;2
3788892.js;31;3;28;6;9;3;6;6;6
976636.js;17;5;12;0;5;5;0;0;0
572216.js;30;3;27;3;6;3;4;3;4
2889603.js;13;4;9;7;11;4;7;7;7
4405727.js;27;1;26;2;3;1;4;2;5
2987191.js;3;2;1;0;2;2;0;0;0
712532.js;11;5;6;1;6;5;2;1;2
5238572.js;6;3;3;1;4;3;1;1;1
1471036.js;11;6;5;0;6;6;2;1;2
572238.js;19;1;18;4;5;1;6;4;6
2716257.js;8;2;6;0;2;2;0;0;1
2902872.js;12;4;8;2;6;4;2;3;3
908246.js;23;3;20;1;4;3;1;2;2
623873.js;17;2;15;4;6;2;4;4;6
322120.js;12;2;10;5;7;2;8;5;8
1089088.js;19;5;14;2;7;5;3;2;4
2309758.js;16;13;3;1;14;13;1;1;1
4621895.js;2;1;1;0;1;1;0;0;0
700383.js;48;6;42;1;7;6;1;2;2
3361883.js;10;5;5;1;6;5;1;1;1
1631063.js;12;5;7;2;7;5;3;2;3
845367.js;26;10;16;8;18;10;8;8;8
3847408.js;8;6;2;0;6;6;0;0;1
3657560.js;5;1;4;3;4;1;4;3;4
729465.js;11;4;7;1;5;4;1;1;1
971162.js;35;9;26;6;15;9;6;6;7
4038352.js;5;2;3;0;2;2;0;0;0
4231806.js;25;13;12;2;15;13;4;2;4
383521.js;16;11;5;0;11;11;0;0;0
908822.js;4;2;2;1;3;2;1;1;1
782229.js;19;5;14;0;5;5;1;1;2
321028.js;17;2;15;2;4;2;5;2;6
5026782.js;3;2;1;0;2;2;0;0;0
730330.js;25;8;17;4;12;8;4;5;5
879410.js;19;11;8;2;13;11;2;2;2
1788511.js;13;4;9;1;5;4;1;1;1
437688.js;33;8;25;5;13;8;8;8;11
812390.js;10;6;4;0;6;6;0;0;0
4055221.js;4;2;2;1;3;2;1;1;1
4123716.js;6;3;3;1;4;3;1;1;2
3799638.js;23;8;15;0;8;8;2;1;4
3765522.js;15;4;11;4;8;4;4;5;5
457096.js;8;1;7;3;4;1;3;3;3
1899542.js;4;2;2;0;2;2;0;0;0
1683148.js;16;3;13;6;9;3;7;7;8
504214.js;12;4;8;0;4;4;1;1;3
2794714.js;7;4;3;0;4;4;0;0;0
4443585.js;23;3;20;1;4;3;3;1;3
204256.js;12;1;11;1;2;1;2;2;4
1976705.js;3;1;2;0;1;1;0;0;0
2171024.js;4;1;3;0;1;1;0;0;0
2941283.js;16;5;11;3;8;5;3;6;6
568170.js;34;13;21;2;15;13;4;3;5
1355726.js;14;1;13;2;3;1;2;2;2
3495509.js;13;7;6;0;7;7;1;1;2
5300865.js;21;2;19;1;3;2;2;1;2
2972167.js;23;4;19;1;5;4;2;1;3
2659427.js;40;5;35;4;9;5;5;5;8
5159182.js;12;5;7;2;7;5;2;2;2
2930765.js;4;1;3;0;1;1;0;0;0
4712499.js;20;6;14;3;9;6;8;3;8
911237.js;13;4;9;2;6;4;2;2;2
2299856.js;14;8;6;1;9;8;1;1;1
1426235.js;24;7;17;2;9;7;2;3;5
3800634.js;7;3;4;0;3;3;0;0;0
365184.js;19;11;8;0;11;11;0;0;0
3272034.js;11;4;7;0;4;4;0;0;0
1479436.js;11;1;10;0;1;1;0;0;0
292164.js;11;6;5;2;8;6;2;2;2
947653.js;20;13;7;0;13;13;0;0;0
552776.js;10;3;7;1;4;3;3;1;3
2507936.js;24;2;22;3;5;2;5;4;6
86812.js;27;3;24;2;5;3;2;2;7
502145.js;26;4;22;2;6;4;2;2;2
266465.js;13;5;8;4;9;5;4;5;5
960219.js;9;4;5;0;4;4;0;0;0
4127810.js;5;3;2;0;3;3;0;1;1
82427.js;28;12;16;3;15;12;3;5;5
288300.js;15;12;3;2;14;12;2;2;2
2040428.js;34;3;31;3;6;3;5;4;6
670373.js;10;2;8;0;2;2;0;0;0
2501010.js;4;2;2;2;4;2;2;2;2
3704564.js;25;9;16;1;10;9;2;3;6
263435.js;7;3;4;3;6;3;3;4;4
109042.js;24;7;17;4;11;7;4;4;4
4166479.js;18;1;17;0;1;1;1;0;1
1709722.js;11;4;7;0;4;4;0;0;6
3377243.js;15;4;11;1;5;4;2;1;2
927763.js;15;6;9;7;13;6;8;7;8
27942.js;2;1;1;0;1;1;0;0;0
879717.js;20;9;11;3;12;9;3;3;5
4293483.js;6;1;5;0;1;1;1;0;1
3480682.js;5;4;1;1;5;4;1;1;1
5008857.js;8;3;5;1;4;3;1;1;1
1330384.js;16;4;12;0;4;4;0;0;0
4249083.js;21;10;11;0;10;10;1;3;4
1279009.js;10;7;3;2;9;7;2;2;2
2530657.js;11;6;5;0;6;6;1;1;2
1881013.js;9;5;4;0;5;5;0;0;0
783441.js;4;2;2;0;2;2;0;0;0
3169028.js;25;10;15;0;10;10;0;0;0
691908.js;17;8;9;0;8;8;0;0;0
2957908.js;4;2;2;1;3;2;2;2;2
3051004.js;17;9;8;0;9;9;1;0;1
545476.js;11;9;2;2;11;9;2;2;2
691748.js;11;2;9;0;2;2;1;0;1
2302616.js;16;8;8;3;11;8;4;4;5
4191005.js;12;3;9;2;5;3;2;2;2
2423102.js;35;4;31;6;10;4;7;6;7
1301791.js;15;6;9;0;6;6;0;0;1
848492.js;11;6;5;0;6;6;0;0;0
149756.js;25;10;15;0;10;10;0;0;0
1779734.js;8;2;6;1;3;2;1;1;1
5225700.js;14;2;12;3;5;2;3;3;3
797509.js;10;2;8;2;4;2;3;2;3
279541.js;11;3;8;1;4;3;2;1;2
1032231.js;2;1;1;0;1;1;1;0;1
4067760.js;10;4;6;0;4;4;0;0;0
233007.js;3;1;2;0;1;1;0;0;0
2069087.js;4;2;2;0;2;2;0;0;0
222092.js;5;1;4;2;3;1;2;2;2
199460.js;30;2;28;3;5;2;3;3;3
5179680.js;5;1;4;2;3;1;2;2;2
1030388.js;32;3;29;1;4;3;1;1;4
250148.js;35;13;22;3;16;13;5;4;7
3501981.js;36;4;32;3;7;4;5;4;6
1439758.js;5;3;2;0;3;3;0;0;0
958243.js;12;4;8;0;4;4;0;0;1
5093510.js;28;8;20;0;7;7;2;1;4
4975290.js;12;4;8;1;5;4;1;1;2
212193.js;11;4;7;0;4;4;0;0;0
4971608.js;42;6;36;9;15;6;9;9;9
3244095.js;2;1;1;0;1;1;0;0;0
2128494.js;16;5;11;9;14;5;9;9;9
3491008.js;10;6;4;0;6;6;0;0;0
1397895.js;22;4;18;5;9;4;7;5;7
5299602.js;17;6;11;1;7;6;2;2;3
5115246.js;11;1;10;0;1;1;0;0;0
1225858.js;20;3;17;3;6;3;3;3;3
3964439.js;3;2;1;0;2;2;0;0;0
419039.js;18;2;16;3;5;2;3;3;3
80338.js;57;6;51;29;35;6;39;29;39
768283.js;20;8;12;0;8;8;1;1;2
2552313.js;21;10;11;3;13;10;4;4;4
655376.js;15;4;11;4;8;4;4;4;5
2855289.js;21;7;14;3;10;7;3;3;3
1187223.js;16;4;12;2;6;4;3;2;3
3891464.js;13;6;7;0;6;6;0;0;0
223713.js;46;18;28;0;17;17;0;0;0
4195715.js;5;1;4;1;2;1;1;1;1
1766179.js;6;2;4;1;3;2;1;1;1
4486125.js;4;2;2;0;2;2;0;0;0
3294830.js;6;4;2;0;4;4;1;1;2
1121427.js;7;2;5;0;2;2;0;0;0
4918087.js;39;4;35;3;7;4;3;5;5
2003445.js;7;4;3;2;6;4;2;2;2
2032555.js;13;4;9;2;6;4;2;2;2
1402518.js;21;3;18;2;5;3;2;2;2
4905139.js;3;2;1;0;2;2;0;0;0
2278699.js;7;2;5;0;2;2;0;0;0
3652855.js;21;4;17;8;12;4;10;8;11
1799081.js;4;1;3;0;1;1;0;0;0
3007520.js;2;1;1;1;2;1;1;1;1
3374155.js;12;1;11;2;3;1;4;2;4
2222247.js;21;7;14;1;8;7;1;1;2
4058715.js;10;6;4;3;9;6;4;3;4
379587.js;5;3;2;0;3;3;0;0;0
686362.js;10;2;8;3;5;2;4;3;4
461380.js;4;1;3;1;2;1;1;1;1
1998721.js;6;1;5;0;1;1;0;0;0
431228.js;4;3;1;0;3;3;0;0;0
382336.js;7;1;6;2;3;1;2;2;2
2666614.js;22;5;17;0;5;5;0;0;2
812585.js;3;1;2;1;2;1;2;1;2
2084861.js;15;7;8;1;8;7;1;1;1
14343.js;15;5;10;1;6;5;2;1;2
2265435.js;17;3;14;0;3;3;0;0;0
3522265.js;12;7;5;0;7;7;0;1;1
576715.js;7;6;1;0;6;6;0;0;0
4514051.js;3;2;1;0;2;2;1;0;1
357494.js;5;3;2;0;3;3;0;0;0
1574573.js;31;9;22;3;12;9;3;3;4
940428.js;12;8;4;0;8;8;2;0;2
1816814.js;22;2;20;2;4;2;2;2;2
5110196.js;27;8;19;1;9;8;1;2;2
3100307.js;20;16;4;2;18;16;2;2;2
347300.js;26;3;23;2;5;3;3;3;4
3222665.js;3;2;1;0;2;2;0;0;0
74079.js;10;5;5;0;5;5;2;1;2
4150439.js;10;2;8;1;3;2;1;1;1
1119036.js;4;3;1;0;3;3;0;0;0
3291112.js;4;3;1;0;3;3;1;0;1
2958676.js;4;2;2;0;2;2;0;0;0
2181952.js;4;2;2;2;4;2;2;2;2
1662918.js;20;1;19;0;1;1;0;0;0
2717397.js;7;1;6;0;1;1;1;0;1
4194272.js;9;3;6;1;4;3;1;1;1
4437157.js;3;1;2;1;2;1;1;1;1
5136939.js;14;1;13;0;1;1;0;1;1
857914.js;28;4;24;5;9;4;5;5;5
413218.js;36;1;35;3;4;1;4;4;6
1637436.js;4;3;1;0;3;3;0;0;0
5203782.js;7;5;2;1;6;5;1;1;1
2496854.js;9;4;5;0;4;4;0;0;0
124776.js;4;3;1;0;3;3;0;0;0
14611.js;14;2;12;9;11;2;9;9;9
1112658.js;6;4;2;0;4;4;1;0;1
2103512.js;14;4;10;2;6;4;4;2;4
90252.js;6;3;3;0;3;3;0;0;0
730163.js;19;7;12;2;9;7;6;2;6
2616209.js;30;5;25;0;5;5;0;0;0
2616423.js;14;8;6;2;10;8;2;2;2
626924.js;10;7;3;1;8;7;1;1;1
3877994.js;5;1;4;1;2;1;1;1;1
5243842.js;10;5;5;0;5;5;1;0;4
1226023.js;14;3;11;0;3;3;2;0;2
3209395.js;18;2;16;1;3;2;3;1;3
1720376.js;18;2;16;0;2;2;2;0;2
3761703.js;8;4;4;4;8;4;4;4;4
518007.js;19;3;16;3;6;3;4;3;4
552246.js;6;3;3;2;5;3;2;2;2
128804.js;33;2;31;1;3;2;1;4;4
12649.js;4;1;3;2;3;1;2;2;2
1361041.js;12;8;4;2;10;8;2;2;2
1379052.js;16;4;12;1;5;4;3;1;3
4116613.js;6;3;3;2;5;3;2;2;2
1056523.js;17;5;12;4;9;5;4;4;4
3396075.js;5;3;2;0;3;3;1;0;1
671333.js;20;4;16;9;13;4;9;9;9
2902330.js;18;1;17;0;1;1;0;1;1
4296722.js;26;3;23;5;8;3;7;5;7
783870.js;9;5;4;0;3;3;1;0;1
469460.js;13;4;9;2;6;4;2;2;2
4297077.js;5;4;1;0;4;4;0;0;0
1762680.js;8;1;7;3;4;1;4;3;4
2580376.js;19;8;11;0;8;8;3;0;4
696634.js;7;3;4;1;4;3;1;1;1
4005876.js;4;2;2;1;3;2;1;1;1
2957933.js;3;1;2;1;2;1;2;2;2
4664254.js;12;10;2;1;11;10;1;1;1
1994522.js;20;6;14;0;6;6;0;0;0
956263.js;6;5;1;0;5;5;0;0;0
4276145.js;27;5;22;5;10;5;5;5;5
1094204.js;6;3;3;1;4;3;1;1;1
551223.js;5;3;2;0;3;3;0;0;0
4296881.js;10;2;8;4;6;2;5;4;5
2949437.js;7;4;3;2;6;4;2;2;2
4819967.js;21;4;17;1;5;4;1;1;1
2917275.js;9;7;2;1;8;7;1;1;1
1291279.js;16;7;9;4;11;7;4;4;4
566963.js;6;4;2;0;4;4;1;0;1
4607435.js;17;10;7;3;13;10;3;3;3
5181090.js;17;2;15;0;2;2;0;0;1
3114705.js;20;9;11;1;10;9;3;1;3
2836493.js;17;13;4;0;13;13;0;0;1
3157750.js;10;2;8;4;6;2;4;4;4
3310677.js;10;6;4;0;6;6;0;0;0
1914067.js;38;10;28;5;15;10;8;5;9
2488799.js;6;3;3;1;4;3;2;1;2
3524363.js;22;6;16;1;7;6;3;2;6
480328.js;14;5;9;3;8;5;3;3;3
1814722.js;40;14;26;8;22;14;12;9;13
45813.js;5;2;3;2;4;2;2;2;2
1235708.js;6;3;3;2;5;3;3;2;3
455529.js;25;2;23;3;5;2;4;3;4
1110858.js;5;3;2;2;5;3;2;2;2
5132876.js;2;1;1;0;1;1;0;0;0
5138279.js;2;1;1;0;1;1;0;0;0
1298014.js;11;8;3;2;10;8;2;2;2
503670.js;31;6;25;1;7;6;2;4;6
1828826.js;31;8;23;9;17;8;12;9;12
993871.js;3;1;2;0;1;1;0;0;0
5299983.js;13;6;7;1;7;6;1;1;2
3080882.js;17;2;15;2;4;2;4;2;4
1024970.js;44;12;32;1;13;12;1;2;3
841418.js;37;15;22;6;21;15;9;7;10
318447.js;9;2;7;0;2;2;1;0;1
4145894.js;30;6;24;0;6;6;0;0;0
