file;num_names;num_glb_names;num_loc_names;nst_logmodel;nst_logmodel_all;nst_logmodel_glb;nst_logmodel_maybe;nst_logmodel_approx;nst_logmodel_approx_maybe
1269860.js;4;3;1;1;4;3;1;1;1
107778.js;11;7;4;1;8;7;1;1;1
406544.js;2;1;1;0;1;1;1;0;1
2554989.js;14;2;12;3;5;2;3;3;3
1879398.js;34;13;21;4;17;13;4;4;4
1798084.js;32;7;25;0;7;7;0;0;0
266873.js;13;5;8;3;8;5;3;3;3
696780.js;7;6;1;0;6;6;0;0;0
2902701.js;13;5;8;0;5;5;0;0;0
4251652.js;3;1;2;0;1;1;0;0;0
3403756.js;13;2;11;1;3;2;1;1;1
2881017.js;6;3;3;0;3;3;0;0;0
933618.js;6;1;5;2;3;1;2;2;2
3025471.js;9;1;8;0;1;1;0;0;0
4053524.js;26;6;20;0;6;6;5;1;6
199347.js;10;5;5;0;5;5;1;0;1
4572582.js;4;1;3;1;2;1;1;1;1
1102547.js;12;7;5;3;10;7;3;3;3
265275.js;9;3;6;3;6;3;3;3;3
1403103.js;20;10;10;0;10;10;1;0;1
3901043.js;12;1;11;3;4;1;3;3;3
1399596.js;24;6;18;0;6;6;1;1;2
4575866.js;17;8;9;0;8;8;1;0;1
32780.js;23;5;18;3;8;5;4;3;4
3222527.js;4;1;3;0;1;1;0;0;0
1950522.js;3;1;2;0;1;1;0;0;0
4910697.js;4;1;3;0;1;1;0;0;0
2104540.js;8;2;6;2;4;2;3;3;4
2038734.js;2;1;1;1;2;1;1;1;1
68424.js;38;1;37;7;8;1;8;7;8
3162964.js;6;5;1;0;4;4;0;0;0
878797.js;30;16;14;2;18;16;2;2;2
4296003.js;13;11;2;0;11;11;0;0;0
1632184.js;30;2;28;0;2;2;1;1;2
4790254.js;7;2;5;1;3;2;1;1;1
264612.js;10;4;6;3;7;4;3;4;4
242769.js;3;2;1;0;2;2;0;0;0
3518117.js;13;6;7;1;7;6;1;1;1
4777098.js;24;1;23;1;2;1;1;1;1
3613116.js;11;5;6;3;8;5;3;3;3
242746.js;3;2;1;0;2;2;0;0;0
673705.js;7;2;5;2;4;2;2;2;2
89015.js;15;1;14;5;6;1;5;5;5
1574842.js;5;2;3;0;2;2;0;0;0
4366946.js;8;1;7;1;2;1;1;2;2
1863827.js;18;1;17;5;6;1;5;5;5
3480713.js;10;8;2;0;8;8;0;0;0
2787480.js;4;3;1;1;4;3;1;1;1
2546837.js;17;1;16;0;1;1;0;1;2
896416.js;3;1;2;1;2;1;1;1;1
1034139.js;21;2;19;5;7;2;6;5;6
1878783.js;35;3;32;4;7;3;4;5;5
1402887.js;14;5;9;1;6;5;1;1;1
2892029.js;4;2;2;1;3;2;1;1;1
1804017.js;4;3;1;0;3;3;0;0;0
197974.js;43;2;41;4;6;2;4;4;5
1427213.js;15;3;12;3;6;3;4;3;4
4342011.js;3;1;2;0;1;1;0;0;0
3203766.js;8;0;8;0;0;0;0;0;0
2438394.js;19;3;16;1;4;3;1;1;1
958687.js;25;7;18;0;7;7;0;0;0
3205298.js;34;13;21;1;14;13;1;2;2
896388.js;3;1;2;1;2;1;1;1;1
2446840.js;3;1;2;0;1;1;0;0;0
221188.js;37;5;32;1;6;5;1;2;3
1224037.js;39;2;37;1;3;2;2;1;2
1121386.js;5;2;3;0;2;2;0;0;0
2653159.js;7;5;2;1;6;5;1;1;1
901109.js;14;3;11;0;3;3;0;0;0
293097.js;20;5;15;2;7;5;2;2;2
82852.js;5;4;1;1;5;4;1;1;1
3430994.js;44;5;39;1;6;5;1;2;2
2179845.js;14;2;12;2;4;2;2;2;2
4962034.js;16;3;13;0;3;3;0;0;0
2251607.js;43;11;32;17;28;11;17;18;20
5313736.js;11;7;4;1;8;7;1;1;1
3463721.js;17;5;12;3;8;5;3;3;3
35985.js;3;2;1;1;3;2;1;1;1
2960270.js;20;3;17;2;5;3;2;2;2
1133849.js;54;12;42;1;13;12;1;1;1
86649.js;27;3;24;0;3;3;0;0;0
3651502.js;15;3;12;3;6;3;3;3;3
2229080.js;20;4;16;0;4;4;0;0;0
4109318.js;12;4;8;4;8;4;4;4;4
2056457.js;5;2;3;0;2;2;0;0;0
4261034.js;5;1;4;0;1;1;0;0;0
442893.js;13;2;11;0;2;2;0;0;0
1882408.js;15;4;11;2;6;4;2;2;2
1186497.js;8;5;3;0;5;5;0;0;0
2834544.js;28;25;3;0;25;25;0;1;1
4332841.js;25;2;23;8;10;2;8;8;8
1745816.js;13;2;11;0;2;2;0;0;0
1265982.js;23;11;12;4;15;11;4;4;4
476226.js;12;6;6;0;6;6;0;0;0
4254729.js;23;4;19;1;5;4;2;1;2
2404211.js;21;10;11;2;12;10;2;2;2
2619475.js;13;3;10;2;5;3;2;2;2
1212232.js;27;2;25;0;2;2;0;0;0
1200690.js;23;6;17;1;7;6;1;1;1
81862.js;15;6;9;4;10;6;5;4;5
2792864.js;34;3;31;4;7;3;6;4;6
312873.js;15;3;12;0;3;3;0;0;0
1375033.js;4;1;3;0;1;1;0;0;0
184061.js;22;1;21;0;1;1;0;0;0
1222447.js;12;3;9;2;5;3;2;2;2
312293.js;3;1;2;0;1;1;0;0;0
3266377.js;8;6;2;1;7;6;1;1;1
2624961.js;25;1;24;7;8;1;7;7;7
1897740.js;24;13;11;0;13;13;0;0;0
2319560.js;4;3;1;0;3;3;0;0;0
12723.js;5;3;2;1;4;3;1;1;1
282528.js;4;1;3;2;3;1;2;2;2
4555038.js;2;1;1;0;1;1;0;0;0
5136727.js;45;20;25;1;21;20;1;1;2
2271159.js;11;2;9;0;2;2;0;0;0
3802027.js;7;1;6;0;1;1;0;0;0
4149008.js;19;14;5;3;17;14;3;3;3
664897.js;55;19;36;0;19;19;0;0;0
2629018.js;10;5;5;1;6;5;1;1;1
495163.js;33;10;23;11;21;10;12;11;12
558223.js;15;7;8;0;7;7;0;0;0
372326.js;18;4;14;0;4;4;0;0;0
5109360.js;6;3;3;2;5;3;2;2;2
1864241.js;8;3;5;0;3;3;0;0;0
2633501.js;17;12;5;0;11;11;0;0;0
2461797.js;18;3;15;2;5;3;2;2;2
4656992.js;34;22;12;0;22;22;0;0;0
2089326.js;11;9;2;1;10;9;1;1;1
2357015.js;11;2;9;2;4;2;2;2;2
279284.js;7;4;3;0;4;4;0;0;0
3089289.js;2;1;1;1;2;1;1;1;1
2852311.js;8;6;2;1;7;6;1;1;1
2937870.js;5;1;4;1;2;1;1;1;1
2462277.js;17;10;7;1;11;10;1;1;1
4558972.js;26;2;24;1;3;2;1;2;2
3175738.js;15;4;11;2;6;4;2;2;2
4961677.js;19;4;15;1;5;4;1;1;1
2032105.js;23;10;13;0;10;10;0;4;4
566714.js;18;5;13;1;6;5;1;1;1
1119974.js;12;10;2;0;10;10;0;0;0
1304974.js;14;2;12;1;3;2;1;3;3
5184334.js;9;3;6;0;3;3;0;0;0
2312486.js;8;2;6;1;3;2;1;1;1
306311.js;20;2;18;0;2;2;0;0;0
2140154.js;7;3;4;1;4;3;1;1;1
2147015.js;8;2;6;0;2;2;0;1;1
894308.js;21;17;4;0;17;17;0;0;0
3940310.js;4;1;3;0;1;1;0;0;0
1403291.js;20;7;13;2;9;7;2;2;2
8498.js;19;8;11;4;12;8;4;4;4
1083122.js;4;2;2;1;3;2;1;1;1
2624063.js;31;13;18;5;18;13;5;5;5
3358827.js;4;1;3;0;1;1;0;0;0
2836986.js;13;12;1;0;12;12;0;0;0
1306106.js;30;9;21;0;9;9;0;0;0
399795.js;16;15;1;0;15;15;0;0;0
1825307.js;23;4;19;3;7;4;3;4;4
3584529.js;3;1;2;1;2;1;1;1;1
950335.js;13;8;5;0;8;8;0;0;0
561466.js;19;14;5;0;14;14;0;0;0
1570905.js;10;6;4;0;6;6;0;0;0
4462540.js;16;11;5;0;11;11;0;0;0
2932882.js;24;10;14;3;13;10;3;3;3
2194844.js;10;4;6;0;4;4;0;0;0
746325.js;10;1;9;0;1;1;0;0;0
2031813.js;16;6;10;0;6;6;0;0;0
4066110.js;25;1;24;6;7;1;6;6;6
2954062.js;20;3;17;0;3;3;1;0;1
1900335.js;22;14;8;1;15;14;3;1;4
2352168.js;14;3;11;3;6;3;3;3;3
1457534.js;12;1;11;2;3;1;2;2;2
2871020.js;2;1;1;0;1;1;0;0;0
4528515.js;5;1;4;2;3;1;2;2;2
1769717.js;21;2;19;2;4;2;3;2;3
3755109.js;3;1;2;0;1;1;0;0;0
1119460.js;20;6;14;0;6;6;0;0;0
272640.js;13;5;8;3;8;5;3;3;3
3562773.js;10;6;4;1;7;6;1;1;1
2752317.js;15;12;3;0;12;12;0;0;0
2521969.js;6;5;1;0;5;5;0;0;0
1632180.js;8;3;5;1;4;3;1;1;1
389647.js;5;4;1;1;5;4;1;1;1
264434.js;10;5;5;3;8;5;3;4;4
5192834.js;5;3;2;1;4;3;1;1;1
3617686.js;3;2;1;0;2;2;0;0;0
3524452.js;17;6;11;1;7;6;1;1;1
1243866.js;6;3;3;0;3;3;0;0;0
2312026.js;6;3;3;1;4;3;1;1;1
889052.js;7;6;1;0;6;6;0;1;1
3370453.js;12;6;6;1;7;6;1;1;1
1328314.js;11;7;4;0;7;7;0;4;4
2404829.js;8;4;4;0;4;4;0;0;0
526830.js;11;10;1;0;10;10;0;0;0
4029786.js;24;5;19;3;8;5;3;3;3
2808803.js;19;5;14;3;8;5;3;3;3
784109.js;49;26;23;2;27;25;2;4;4
4757300.js;49;2;47;6;8;2;6;6;6
4662574.js;7;4;3;1;5;4;1;1;1
2272594.js;11;10;1;0;10;10;0;0;0
1261518.js;15;5;10;1;6;5;2;1;2
2021381.js;20;10;10;1;11;10;1;1;1
5056273.js;21;9;12;1;10;9;2;2;3
4662282.js;15;7;8;1;8;7;1;1;1
570869.js;4;2;2;1;3;2;1;1;1
1655454.js;3;1;2;1;2;1;1;2;2
3992279.js;4;1;3;0;1;1;0;0;0
576719.js;32;11;21;0;11;11;0;0;0
2929227.js;5;2;3;0;2;2;0;0;0
1347229.js;6;2;4;1;3;2;1;1;1
617648.js;12;4;8;0;4;4;1;0;1
2554988.js;14;2;12;3;5;2;3;3;3
4099383.js;23;7;16;2;9;7;2;2;3
2465311.js;21;1;20;0;1;1;0;0;0
896331.js;43;4;39;0;4;4;0;1;1
1407613.js;23;5;18;1;6;5;2;1;2
624069.js;9;3;6;1;4;3;1;1;1
553557.js;6;1;5;1;2;1;1;1;1
2607013.js;13;2;11;0;2;2;0;0;0
2638627.js;5;1;4;0;1;1;0;0;0
4172967.js;26;6;20;0;6;6;0;0;0
2782820.js;6;1;5;0;1;1;0;1;1
2124979.js;18;5;13;2;7;5;2;2;2
5052122.js;9;2;7;0;2;2;0;0;0
3405365.js;4;1;3;0;1;1;0;0;0
3896159.js;9;3;6;2;5;3;2;2;2
3735404.js;39;8;31;6;14;8;6;6;6
874799.js;11;2;9;1;3;2;1;1;1
4780702.js;10;9;1;0;9;9;0;0;0
1976849.js;3;1;2;1;2;1;1;1;1
1354709.js;30;2;28;4;6;2;5;4;5
82228.js;37;12;25;4;16;12;4;4;4
1812234.js;2;1;1;0;1;1;0;0;0
1430577.js;8;5;3;0;5;5;0;0;0
3667424.js;35;16;19;2;18;16;2;2;2
3911699.js;4;1;3;0;1;1;0;0;0
2350420.js;7;3;4;0;3;3;0;0;0
2863253.js;15;7;8;0;7;7;0;0;0
1570337.js;40;4;36;5;9;4;6;5;6
3938851.js;15;1;14;0;1;1;0;0;0
136294.js;7;4;3;2;6;4;2;2;2
3423549.js;5;2;3;1;3;2;1;1;1
4950396.js;23;4;19;4;8;4;6;6;8
2895297.js;24;8;16;0;8;8;0;2;2
1682091.js;22;3;19;2;5;3;3;2;3
4152683.js;13;2;11;5;7;2;5;5;5
2181299.js;26;14;12;5;19;14;6;5;6
3302130.js;8;5;3;0;5;5;0;0;0
2658598.js;4;3;1;0;3;3;0;0;0
1749229.js;19;3;16;7;10;3;7;7;7
671138.js;3;2;1;0;2;2;0;0;0
1574546.js;21;9;12;1;10;9;1;1;1
730831.js;19;8;11;5;13;8;5;5;5
3683365.js;6;1;5;1;2;1;1;1;1
1832053.js;4;3;1;0;3;3;0;0;0
994359.js;9;1;8;2;3;1;3;2;3
1137.js;3;2;1;0;2;2;0;0;0
545186.js;10;3;7;0;3;3;0;0;0
3753773.js;6;1;5;0;1;1;0;0;0
3320895.js;14;8;6;0;8;8;0;0;0
4104682.js;4;2;2;0;2;2;0;0;0
1298288.js;4;3;1;1;4;3;1;1;1
301482.js;16;5;11;0;5;5;0;0;0
933671.js;6;2;4;0;2;2;0;0;0
377400.js;14;2;12;3;5;2;3;3;3
1117564.js;20;10;10;0;10;10;0;0;0
1134335.js;17;7;10;1;8;7;1;1;1
4055844.js;5;3;2;0;3;3;0;0;0
1057701.js;7;3;4;1;4;3;1;1;1
1576038.js;6;1;5;1;2;1;1;1;1
3806293.js;4;1;3;0;1;1;1;0;1
1209339.js;21;3;18;0;3;3;0;0;0
4998146.js;12;2;10;0;2;2;0;0;0
444498.js;25;5;20;2;7;5;2;2;2
2358921.js;10;1;9;1;2;1;1;1;1
1057089.js;5;1;4;2;3;1;2;2;2
2969157.js;6;4;2;0;4;4;0;0;0
4856494.js;5;2;3;0;2;2;0;0;0
4704224.js;16;6;10;1;7;6;1;3;3
3916916.js;61;16;45;11;25;14;11;11;11
1745369.js;9;6;3;0;6;6;0;0;0
48784.js;6;2;4;1;3;2;1;3;3
219876.js;8;1;7;2;3;1;1;2;1
3130911.js;14;12;2;0;12;12;0;0;0
4017740.js;16;8;8;0;8;8;1;0;1
430905.js;46;18;28;11;29;18;11;11;11
4408375.js;8;1;7;1;2;1;1;1;1
135590.js;7;4;3;0;4;4;0;0;0
5213426.js;42;8;34;0;8;8;0;0;0
2089126.js;8;6;2;1;7;6;1;1;1
1395654.js;17;9;8;0;9;9;0;0;0
563758.js;7;5;2;0;5;5;0;0;0
447938.js;13;4;9;0;4;4;0;0;0
2272350.js;5;1;4;0;1;1;0;0;0
2672634.js;18;1;17;5;6;1;5;5;5
1162393.js;8;2;6;0;2;2;0;0;0
4795287.js;7;5;2;1;6;5;1;1;1
184950.js;3;1;2;0;1;1;0;1;1
1754209.js;10;2;8;3;5;2;4;3;4
4089059.js;29;22;7;2;24;22;2;2;2
2068061.js;3;2;1;0;2;2;0;0;0
2098279.js;5;1;4;0;1;1;0;0;0
1065514.js;30;11;19;0;11;11;0;0;0
653245.js;23;6;17;0;6;6;0;0;0
477045.js;11;6;5;1;7;6;1;1;1
2128502.js;8;2;6;0;2;2;0;0;0
3821984.js;4;3;1;0;3;3;0;0;0
89282.js;19;1;18;8;9;1;8;9;9
5257067.js;7;4;3;0;4;4;0;0;0
2641001.js;11;1;10;0;1;1;0;0;0
3293941.js;6;3;3;1;4;3;1;1;1
317029.js;9;6;3;0;6;6;0;1;1
2844643.js;9;3;6;0;3;3;0;0;0
3254101.js;15;2;13;2;4;2;2;2;2
1912256.js;5;1;4;1;2;1;1;1;1
1817123.js;42;10;32;1;11;10;1;1;1
4935779.js;24;8;16;1;9;8;1;1;1
99160.js;24;14;10;2;16;14;2;2;2
2923375.js;13;6;7;0;6;6;0;0;0
1287838.js;5;1;4;0;1;1;0;0;0
1800897.js;7;5;2;0;5;5;0;0;0
117184.js;34;1;33;8;9;1;9;9;10
19332.js;8;3;5;0;3;3;0;0;0
1580627.js;14;8;6;1;9;8;1;1;1
586766.js;10;7;3;1;8;7;1;1;1
4621300.js;27;12;15;1;13;12;1;1;1
365156.js;16;10;6;0;10;10;0;0;0
1377762.js;6;4;2;1;5;4;1;2;2
1038932.js;5;3;2;0;3;3;0;0;0
790044.js;4;2;2;1;3;2;1;1;1
3340272.js;16;10;6;0;10;10;1;0;1
498892.js;11;6;5;0;6;6;0;0;0
409341.js;2;1;1;0;1;1;0;0;0
2462296.js;37;19;18;0;19;19;1;0;1
874085.js;10;7;3;3;10;7;3;3;3
3066626.js;24;2;22;4;6;2;4;4;4
128404.js;26;3;23;1;4;3;1;3;3
196709.js;4;1;3;0;1;1;0;0;0
2999397.js;34;4;30;3;7;4;3;4;4
2460778.js;4;2;2;0;2;2;0;0;0
5101241.js;16;6;10;0;6;6;2;0;2
307150.js;10;2;8;1;3;2;1;1;1
1574021.js;15;4;11;3;7;4;3;3;3
4244331.js;5;2;3;2;4;2;2;2;2
2278690.js;8;2;6;3;5;2;3;3;3
437608.js;4;2;2;0;2;2;0;0;0
863158.js;12;3;9;2;5;3;2;2;2
3707614.js;41;2;39;4;6;2;4;4;4
3200700.js;12;2;10;2;4;2;2;2;2
147235.js;19;2;17;1;3;2;1;2;2
2652094.js;6;3;3;0;3;3;1;1;1
4621673.js;3;1;2;2;3;1;2;2;2
541260.js;8;5;3;0;5;5;0;0;0
777864.js;5;3;2;0;3;3;0;0;0
287794.js;11;10;1;1;11;10;1;1;1
447669.js;2;1;1;0;1;1;0;0;0
770875.js;12;6;6;1;7;6;1;1;1
4071870.js;4;1;3;0;1;1;0;0;0
22056.js;27;11;16;0;11;11;0;0;0
3340024.js;4;2;2;0;2;2;0;0;1
1239709.js;7;3;4;0;3;3;0;0;0
3549572.js;5;2;3;0;2;2;0;0;0
1745449.js;23;3;20;1;4;3;1;1;1
1403006.js;3;1;2;0;1;1;0;0;0
1823827.js;34;4;30;9;13;4;9;9;9
479564.js;10;8;2;1;9;8;1;1;1
602913.js;5;1;4;4;5;1;4;4;4
119573.js;14;1;13;2;3;1;2;2;2
3416149.js;54;8;46;4;12;8;4;4;4
3642136.js;30;4;26;2;6;4;3;4;4
1131880.js;10;3;7;2;5;3;2;2;2
291532.js;19;1;18;1;2;1;1;1;1
1031471.js;40;2;38;3;5;2;0;4;0
778952.js;4;2;2;0;2;2;0;0;0
48827.js;10;3;7;0;3;3;1;0;1
304496.js;4;1;3;0;1;1;0;0;0
1824203.js;12;6;6;0;6;6;0;2;2
995088.js;13;4;9;2;6;4;2;2;2
1101086.js;8;6;2;2;8;6;2;2;2
3312430.js;14;5;9;1;6;5;1;1;1
991038.js;43;4;39;2;6;4;2;3;3
3036880.js;23;10;13;4;14;10;4;4;4
2536389.js;27;7;20;1;8;7;1;1;1
3018940.js;11;5;6;1;6;5;1;1;1
873041.js;11;3;8;0;3;3;0;0;0
3077148.js;17;2;15;3;5;2;3;3;3
1085226.js;29;7;22;1;8;7;1;1;1
2740071.js;19;14;5;0;14;14;0;1;1
1353821.js;7;2;5;0;2;2;0;0;0
5283437.js;12;4;8;0;3;3;0;0;0
3894545.js;15;12;3;0;12;12;0;0;0
2611672.js;30;7;23;15;22;7;15;15;15
93659.js;17;1;16;3;4;1;3;3;3
3713962.js;14;10;4;1;11;10;1;1;1
3938358.js;6;1;5;0;1;1;0;0;0
1966138.js;17;1;16;0;1;1;1;0;1
2482808.js;2;1;1;0;1;1;0;0;0
4066754.js;5;1;4;0;1;1;0;0;0
2110440.js;13;2;11;1;3;2;1;1;1
4205315.js;14;3;11;0;3;3;0;0;0
263004.js;5;3;2;2;5;3;2;2;2
2893982.js;7;2;5;0;1;1;0;0;0
2126910.js;27;1;26;3;4;1;3;3;3
5287933.js;19;8;11;0;8;8;0;0;0
4162197.js;8;3;5;0;3;3;0;0;0
1766140.js;16;3;13;2;5;3;2;3;3
1796618.js;19;1;18;1;2;1;1;1;1
1244374.js;27;8;19;0;8;8;0;1;1
186791.js;20;8;12;2;10;8;2;3;3
4147075.js;3;1;2;1;2;1;1;2;2
237363.js;9;1;8;1;2;1;1;1;1
378298.js;10;4;6;2;6;4;2;2;2
105116.js;18;2;16;1;3;2;2;2;3
2840542.js;11;4;7;0;4;4;0;0;0
533991.js;5;3;2;0;3;3;0;0;0
4721743.js;27;1;26;2;3;1;2;2;2
1802937.js;11;2;9;2;4;2;2;3;3
650508.js;13;2;11;1;3;2;1;1;1
1335704.js;17;12;5;1;13;12;1;1;1
4574522.js;13;2;11;1;3;2;1;1;1
880765.js;18;3;15;7;10;3;7;7;7
1283695.js;55;16;39;3;19;16;3;3;3
221328.js;35;3;32;0;3;3;0;0;0
443750.js;10;5;5;0;5;5;0;0;0
3006386.js;8;1;7;0;1;1;0;0;0
3409.js;10;5;5;2;7;5;2;3;3
326536.js;24;5;19;2;7;5;2;2;2
226369.js;7;5;2;1;6;5;1;1;1
682500.js;27;3;24;1;4;3;2;4;5
918405.js;22;4;18;1;5;4;1;1;1
1996492.js;6;2;4;2;4;2;2;2;2
3902316.js;10;3;7;0;3;3;0;0;0
5159070.js;39;5;34;0;5;5;0;0;0
3618432.js;25;8;17;2;10;8;2;2;2
1364530.js;10;2;8;0;2;2;1;0;1
4277495.js;20;4;16;1;5;4;1;1;1
1070167.js;6;3;3;1;4;3;1;1;1
3581864.js;33;2;31;2;4;2;2;3;3
3271818.js;15;10;5;0;10;10;0;0;0
703169.js;10;3;7;0;3;3;0;0;0
5159009.js;14;6;8;1;7;6;1;1;1
3242023.js;5;1;4;2;3;1;2;2;2
3313269.js;18;5;13;0;5;5;0;0;0
2916700.js;13;2;11;1;3;2;1;2;2
4967212.js;35;12;23;6;18;12;6;6;6
377704.js;26;2;24;2;4;2;2;2;2
135172.js;14;7;7;0;7;7;0;0;0
1151316.js;34;7;27;1;8;7;1;1;1
2819335.js;12;3;9;0;3;3;0;0;0
5136145.js;20;3;17;2;5;3;2;2;2
2996196.js;16;9;7;1;10;9;1;1;1
4621671.js;3;1;2;2;3;1;2;2;2
973785.js;6;5;1;0;5;5;0;0;0
137692.js;36;13;23;1;14;13;3;1;3
2083390.js;20;4;16;4;7;3;4;4;4
107956.js;17;7;10;0;7;7;2;0;2
1244451.js;12;6;6;1;7;6;1;1;1
1454631.js;16;2;14;2;4;2;2;2;2
803606.js;11;7;4;0;7;7;0;0;0
3815704.js;7;3;4;0;3;3;0;0;0
1952804.js;11;2;9;4;6;2;5;4;6
807576.js;13;7;6;3;10;7;3;3;3
64178.js;19;12;7;1;13;12;0;1;0
2534382.js;7;4;3;0;4;4;0;0;0
1120182.js;26;3;23;6;9;3;6;6;6
1136232.js;7;6;1;0;6;6;0;0;0
1838204.js;26;11;15;4;15;11;4;4;4
491384.js;10;7;3;2;9;7;2;2;2
5140917.js;5;3;2;0;3;3;0;0;0
692355.js;16;6;10;5;11;6;6;5;6
1762460.js;20;9;11;1;10;9;1;1;1
1991504.js;6;3;3;3;6;3;3;3;3
1664504.js;5;1;4;1;2;1;1;1;1
1832057.js;7;3;4;2;5;3;2;2;2
4884310.js;14;2;12;2;4;2;2;2;2
117578.js;3;1;2;0;1;1;0;0;0
4624277.js;34;10;24;0;10;10;0;4;4
1454491.js;25;3;22;1;4;3;4;1;4
2943075.js;27;1;26;2;3;1;2;2;3
1677267.js;28;8;20;3;11;8;3;3;3
1569543.js;20;11;9;2;13;11;2;2;2
1398514.js;21;2;19;4;6;2;4;4;4
3417721.js;10;2;8;1;3;2;1;1;1
1074117.js;13;2;11;1;3;2;1;3;3
5305786.js;5;3;2;0;3;3;0;1;1
4643390.js;24;2;22;3;5;2;3;3;6
2900544.js;8;1;7;0;1;1;0;0;0
860183.js;6;3;3;1;4;3;1;1;1
2929187.js;35;18;17;2;20;18;3;2;3
1797807.js;25;3;22;0;3;3;3;0;3
242849.js;7;2;5;1;3;2;1;1;1
1025599.js;18;3;15;1;4;3;1;1;1
4418852.js;25;2;23;0;2;2;1;0;1
1448761.js;16;3;13;0;3;3;0;0;0
3215289.js;18;8;10;1;9;8;1;1;1
1403155.js;4;3;1;0;3;3;0;0;0
4212374.js;11;7;4;4;11;7;4;4;4
2457903.js;34;11;23;0;11;11;0;0;0
3731566.js;18;2;16;6;8;2;7;6;7
3163010.js;11;6;5;2;7;5;2;2;2
1203489.js;17;1;16;4;5;1;4;4;4
3584766.js;3;1;2;1;2;1;1;1;1
5010718.js;30;13;17;2;14;12;2;3;3
3927831.js;5;4;1;0;4;4;0;0;0
88876.js;28;4;24;6;10;4;6;7;7
2039230.js;21;7;14;0;7;7;0;0;0
1352742.js;2;1;1;0;1;1;0;0;0
992585.js;42;21;21;3;23;20;3;3;3
1398600.js;22;6;16;1;7;6;1;1;1
1663630.js;25;10;15;0;10;10;0;1;3
1417041.js;17;4;13;2;6;4;2;2;2
4637070.js;16;5;11;5;10;5;5;5;5
294231.js;8;4;4;1;5;4;1;1;1
1122799.js;24;15;9;0;15;15;0;0;0
1836409.js;7;4;3;0;4;4;0;0;0
3675017.js;24;12;12;7;19;12;7;7;7
2923830.js;13;8;5;0;8;8;0;0;0
889021.js;22;14;8;1;15;14;1;1;1
2404297.js;19;10;9;2;12;10;3;3;4
90741.js;7;4;3;0;4;4;0;0;0
850173.js;14;1;13;0;1;1;0;0;0
4197567.js;8;4;4;3;7;4;3;3;3
5332276.js;12;7;5;0;7;7;0;0;0
3440240.js;13;5;8;0;5;5;0;0;0
32782.js;6;4;2;0;4;4;0;0;0
3226495.js;7;6;1;0;6;6;0;0;0
4113441.js;6;4;2;0;4;4;0;0;0
756491.js;19;5;14;6;11;5;6;8;8
3732567.js;4;1;3;0;1;1;0;0;0
2480810.js;4;1;3;0;1;1;0;0;0
1951339.js;8;3;5;0;3;3;0;0;0
3777949.js;3;1;2;0;1;1;0;1;1
3688479.js;21;3;18;3;6;3;3;3;3
3479462.js;10;6;4;0;6;6;0;0;0
108215.js;13;8;5;1;9;8;1;1;1
693506.js;18;7;11;5;12;7;5;6;6
4964397.js;15;13;2;0;13;13;0;0;0
1433269.js;26;5;21;1;6;5;1;1;1
136048.js;4;2;2;1;3;2;1;1;1
1754668.js;4;3;1;0;3;3;0;0;0
712500.js;29;13;16;4;17;13;4;4;4
4992733.js;13;2;11;1;3;2;1;1;1
1819743.js;21;9;12;1;10;9;2;1;2
2923736.js;3;1;2;0;1;1;0;0;0
2062672.js;4;2;2;0;2;2;0;0;0
2434082.js;9;4;5;0;4;4;0;0;0
2203333.js;11;4;7;1;5;4;1;1;1
4229390.js;20;5;15;4;9;5;4;5;5
4872971.js;15;3;12;3;5;2;4;3;4
2909398.js;10;5;5;0;5;5;0;0;0
314987.js;12;2;10;0;2;2;0;0;0
3709337.js;4;1;3;1;2;1;1;1;1
1364198.js;8;1;7;0;1;1;0;0;0
694484.js;11;3;8;1;4;3;1;1;1
1658258.js;5;3;2;0;3;3;0;0;0
502549.js;5;3;2;1;4;3;1;1;1
4109272.js;41;2;39;4;6;2;4;4;4
4372945.js;25;2;23;0;2;2;0;0;0
4009080.js;3;2;1;0;2;2;0;0;0
1752223.js;27;2;25;3;5;2;3;3;3
131370.js;15;8;7;1;9;8;1;1;1
82034.js;10;4;6;2;6;4;2;2;2
2688863.js;11;1;10;3;4;1;3;3;3
2498807.js;2;1;1;0;1;1;0;0;0
5332933.js;4;2;2;0;2;2;0;0;0
2966781.js;6;2;4;0;2;2;0;1;1
5137056.js;15;7;8;7;14;7;7;7;7
2341840.js;22;9;13;3;12;9;3;3;3
4920038.js;12;3;9;1;4;3;1;1;1
3377195.js;13;5;8;0;5;5;0;0;0
242239.js;8;1;7;0;1;1;0;0;0
3993525.js;14;3;11;3;6;3;3;3;3
1125237.js;20;8;12;0;8;8;0;0;0
656291.js;25;7;18;1;8;7;1;1;1
524041.js;17;7;10;3;10;7;3;3;3
3696777.js;14;5;9;0;5;5;0;0;0
1085091.js;11;7;4;0;7;7;0;0;0
2104585.js;8;2;6;2;4;2;2;2;2
38242.js;8;3;5;2;5;3;2;2;2
862785.js;28;2;26;4;6;2;5;6;7
1269410.js;15;2;13;2;4;2;2;4;4
32993.js;3;1;2;1;2;1;1;1;1
1754067.js;7;2;5;0;2;2;0;0;0
2277574.js;16;3;13;4;7;3;4;4;4
920273.js;10;1;9;0;1;1;1;0;1
196411.js;21;16;5;0;16;16;3;1;4
2089333.js;12;10;2;1;11;10;1;1;1
4006811.js;19;5;14;1;6;5;1;1;1
2222864.js;24;15;9;3;18;15;3;3;3
1467757.js;11;4;7;3;7;4;3;3;3
3191576.js;11;4;7;0;4;4;0;0;0
2451355.js;21;5;16;4;9;5;4;4;4
4537036.js;20;7;13;3;10;7;3;3;3
1655533.js;3;1;2;2;3;1;2;2;2
3292332.js;6;3;3;0;3;3;0;0;0
813327.js;13;2;11;0;2;2;0;0;0
902142.js;6;1;5;0;1;1;0;0;0
1840649.js;11;1;10;2;3;1;2;2;2
1287510.js;8;5;3;0;5;5;0;0;0
832634.js;16;2;14;1;3;2;1;1;1
443785.js;9;5;4;0;5;5;0;0;0
623425.js;10;4;6;0;4;4;0;0;0
2343106.js;13;5;8;3;8;5;3;4;4
3610424.js;6;3;3;1;4;3;1;1;1
3436419.js;6;2;4;2;4;2;2;2;2
3914603.js;38;13;25;1;14;13;1;2;2
1430616.js;7;4;3;0;4;4;0;0;0
1978582.js;15;2;13;2;4;2;2;2;2
4793653.js;15;3;12;0;3;3;0;0;0
2146915.js;17;4;13;0;4;4;0;0;0
2889624.js;6;4;2;1;5;4;1;1;1
1910288.js;17;8;9;0;8;8;0;0;0
2459310.js;37;5;32;2;7;5;2;2;3
2326911.js;6;4;2;0;4;4;0;0;0
4523348.js;7;1;6;0;1;1;0;0;0
1287177.js;26;3;23;1;4;3;2;1;2
3467505.js;39;17;22;2;19;17;2;2;2
888972.js;12;9;3;0;9;9;0;0;0
2268732.js;4;1;3;1;2;1;1;1;1
706507.js;3;2;1;0;2;2;0;0;0
1822904.js;4;1;3;1;2;1;1;1;1
4576078.js;27;6;21;6;12;6;6;6;6
3054679.js;6;1;5;0;1;1;0;0;0
1209433.js;3;2;1;0;2;2;0;0;0
4106931.js;21;5;16;0;5;5;0;0;0
2958311.js;16;3;13;2;5;3;2;2;2
1692921.js;6;4;2;1;5;4;2;1;2
3517772.js;20;8;12;2;10;8;2;3;3
741651.js;18;3;15;2;5;3;2;2;2
5181761.js;5;3;2;2;5;3;2;2;2
2907483.js;28;5;23;1;6;5;1;1;1
2298766.js;12;5;7;1;6;5;1;1;1
587103.js;12;1;11;2;3;1;2;4;4
746014.js;9;1;8;2;3;1;2;2;2
1472011.js;25;1;24;3;4;1;3;3;3
499220.js;14;5;9;1;6;5;1;1;1
2242302.js;14;8;6;0;8;8;0;0;0
2788414.js;4;3;1;1;4;3;1;1;1
146131.js;2;1;1;0;1;1;0;0;0
3747054.js;42;2;40;1;3;2;1;3;3
482276.js;21;10;11;6;16;10;6;6;6
2928556.js;5;1;4;0;1;1;0;0;0
3883189.js;12;4;8;0;4;4;0;0;0
3605261.js;3;2;1;0;2;2;0;0;0
4166720.js;28;4;24;1;5;4;1;1;1
3567693.js;11;4;7;0;4;4;0;0;0
508230.js;6;5;1;1;6;5;1;1;1
727979.js;14;6;8;1;7;6;1;1;1
1255202.js;6;3;3;3;6;3;3;3;3
2206536.js;26;7;19;1;8;7;1;2;2
4086307.js;9;4;5;0;4;4;0;0;0
671170.js;3;2;1;0;2;2;0;0;0
850915.js;31;5;26;3;8;5;3;3;3
2906723.js;5;3;2;1;4;3;1;1;1
45447.js;22;3;19;0;3;3;0;0;0
4835982.js;5;2;3;0;2;2;0;0;0
554039.js;11;7;4;1;8;7;1;1;1
3651459.js;19;7;12;0;7;7;0;0;0
116531.js;9;4;5;0;4;4;0;0;0
1060776.js;3;1;2;1;2;1;1;1;1
2522102.js;37;16;21;4;20;16;4;4;4
2130167.js;16;11;5;3;14;11;3;3;3
754926.js;11;4;7;0;4;4;0;0;0
3836344.js;4;3;1;0;3;3;0;0;0
829612.js;25;2;23;2;4;2;4;2;5
627267.js;17;13;4;3;16;13;3;3;3
4201240.js;10;9;1;0;9;9;0;0;0
2440431.js;11;1;10;1;2;1;1;1;1
4146243.js;3;1;2;0;1;1;0;0;0
2997441.js;27;5;22;0;5;5;0;0;0
1372075.js;4;2;2;1;3;2;1;1;1
189980.js;6;1;5;1;2;1;1;1;1
3389050.js;17;3;14;0;3;3;0;0;0
2278351.js;17;3;14;1;4;3;1;1;1
12275.js;31;9;22;0;9;9;0;0;0
4061007.js;7;1;6;0;1;1;0;0;0
123938.js;12;4;8;3;7;4;3;3;3
3586496.js;8;5;3;0;5;5;0;0;0
671161.js;3;2;1;0;2;2;0;0;0
2498590.js;9;3;6;0;3;3;0;0;0
4185129.js;14;11;3;0;11;11;0;0;0
1569108.js;9;6;3;0;6;6;0;0;0
1106502.js;11;9;2;2;11;9;2;2;2
677049.js;4;2;2;1;3;2;2;1;2
2410950.js;34;6;28;1;7;6;1;1;1
419355.js;14;4;10;8;12;4;8;9;9
3242115.js;5;1;4;4;5;1;4;4;4
227387.js;2;1;1;0;1;1;0;0;0
822292.js;12;2;10;1;3;2;1;1;1
207716.js;21;8;13;1;9;8;1;1;1
2860513.js;10;4;6;0;4;4;0;0;0
3269534.js;21;14;7;2;16;14;2;2;2
4129611.js;23;7;16;2;9;7;2;2;2
836488.js;12;6;6;0;6;6;0;0;0
1766268.js;38;10;28;0;10;10;2;1;3
807631.js;18;6;12;8;14;6;8;8;8
485443.js;5;2;3;2;4;2;2;2;2
3084967.js;4;2;2;2;4;2;2;2;2
3960408.js;37;5;32;1;6;5;1;1;1
4418.js;9;1;8;1;2;1;1;1;1
1240442.js;6;4;2;0;4;4;0;0;0
5189053.js;28;7;21;1;8;7;2;2;3
4673936.js;10;4;6;1;5;4;1;1;1
677992.js;7;3;4;1;4;3;1;1;1
317126.js;16;10;6;2;12;10;2;2;2
2046532.js;44;15;29;0;15;15;1;0;1
2732709.js;5;3;2;0;3;3;0;0;0
4867958.js;14;6;8;2;8;6;1;2;1
366615.js;16;1;15;1;2;1;1;1;1
5334276.js;17;7;10;2;9;7;2;2;2
3634478.js;19;2;17;2;4;2;2;2;2
4629031.js;23;6;17;0;6;6;0;0;0
2847341.js;3;1;2;2;3;1;2;2;2
1916929.js;10;6;4;0;6;6;0;0;0
2943200.js;13;3;10;2;5;3;2;2;2
1353533.js;9;2;7;1;3;2;1;1;1
2930910.js;2;1;1;0;1;1;0;0;0
1364625.js;10;4;6;0;4;4;0;0;0
3468726.js;7;1;6;2;3;1;2;2;2
97407.js;46;6;40;7;13;6;6;7;6
2248782.js;11;5;6;0;5;5;0;0;0
3422735.js;45;6;39;3;9;6;6;6;10
977928.js;37;7;30;7;14;7;7;7;7
1624654.js;5;1;4;0;1;1;0;0;0
2350503.js;26;4;22;6;10;4;3;6;3
2518247.js;25;3;22;1;4;3;1;1;1
1151416.js;8;2;6;0;2;2;0;0;0
1350087.js;18;3;15;2;5;3;2;2;2
263001.js;7;4;3;2;6;4;2;2;2
3198911.js;7;1;6;0;1;1;0;0;0
1958858.js;6;4;2;0;4;4;0;1;1
1269183.js;7;1;6;0;1;1;1;0;1
3370530.js;5;1;4;0;1;1;0;0;0
3352221.js;9;3;6;0;3;3;0;0;0
5174878.js;12;7;5;0;7;7;0;0;0
41715.js;34;3;31;0;3;3;0;0;0
1162466.js;19;10;9;2;12;10;2;2;2
5147329.js;15;5;10;1;6;5;1;1;1
913173.js;12;3;9;3;6;3;3;3;3
3184950.js;11;7;4;2;9;7;2;2;2
282873.js;5;2;3;1;3;2;1;1;1
1799144.js;10;6;4;0;6;6;0;0;0
4177755.js;12;3;9;2;5;3;2;2;2
5321401.js;7;3;4;2;5;3;2;2;2
4732669.js;32;16;16;0;16;16;0;1;1
2495339.js;3;1;2;0;1;1;0;0;0
639382.js;8;2;6;0;2;2;0;0;0
2429956.js;39;12;27;0;12;12;0;0;0
4959196.js;30;6;24;4;10;6;4;5;5
267345.js;11;4;7;2;6;4;2;2;2
651770.js;34;12;22;2;14;12;2;2;2
1859659.js;22;8;14;4;12;8;4;4;4
2767451.js;13;8;5;1;9;8;1;1;2
3424131.js;5;2;3;1;3;2;1;1;1
1933489.js;15;6;9;3;9;6;3;3;3
4085128.js;11;6;5;2;8;6;2;2;2
1843945.js;46;4;42;6;10;4;6;6;6
4123731.js;15;2;13;2;4;2;2;4;5
930077.js;9;8;1;0;8;8;0;0;0
1172568.js;21;8;13;3;11;8;3;3;3
136356.js;7;4;3;2;6;4;2;2;2
3618688.js;4;2;2;2;4;2;2;2;2
3475582.js;2;1;1;0;1;1;0;0;0
2313213.js;24;3;21;1;4;3;1;3;3
336360.js;12;10;2;0;10;10;0;0;0
511990.js;12;2;10;4;6;2;4;6;6
3386959.js;12;2;10;1;3;2;1;1;1
3667181.js;12;5;7;2;7;5;2;2;2
2489668.js;4;3;1;0;3;3;0;0;0
2902277.js;18;9;9;3;12;9;3;4;4
4724728.js;10;2;8;1;3;2;1;1;1
4655029.js;25;13;12;3;16;13;5;4;6
5203683.js;9;2;7;2;4;2;2;2;2
4174032.js;6;1;5;0;1;1;0;0;0
3175664.js;35;28;7;6;34;28;6;6;6
99099.js;22;15;7;4;19;15;4;4;4
283222.js;49;4;45;1;5;4;2;2;3
970416.js;14;5;9;3;8;5;3;3;3
4088662.js;14;2;12;3;5;2;3;3;3
44823.js;18;2;16;5;7;2;5;5;5
1279050.js;12;7;5;1;8;7;1;1;1
525254.js;7;3;4;0;3;3;0;0;0
3590592.js;3;1;2;1;2;1;1;1;1
3561348.js;10;2;8;3;5;2;3;3;3
1085200.js;7;5;2;0;5;5;0;0;0
844967.js;6;4;2;0;4;4;0;0;0
1768541.js;28;2;26;4;6;2;4;4;5
3575630.js;25;2;23;3;5;2;3;3;3
1986594.js;7;4;3;0;4;4;0;0;0
379680.js;13;7;6;2;9;7;2;2;2
2205731.js;39;14;25;3;17;14;4;6;7
3276565.js;14;9;5;0;9;9;0;0;0
1369716.js;38;14;24;0;14;14;0;0;0
1595339.js;15;2;13;0;2;2;0;0;0
2948240.js;5;1;4;0;1;1;0;0;0
4656835.js;7;4;3;1;5;4;1;1;1
1280872.js;3;1;2;0;1;1;0;0;0
1729238.js;9;5;4;0;5;5;0;2;2
3078435.js;4;1;3;0;1;1;0;0;0
2196517.js;4;2;2;0;2;2;0;0;0
725380.js;10;5;5;0;5;5;0;0;0
2122235.js;11;8;3;0;8;8;0;0;0
319572.js;4;3;1;1;4;3;1;1;1
1405339.js;6;0;6;0;0;0;0;0;0
4911299.js;2;1;1;1;2;1;1;1;1
1942221.js;58;14;44;18;32;14;18;19;19
4693208.js;12;4;8;5;9;4;5;5;5
566158.js;12;5;7;0;5;5;0;2;2
2836395.js;45;19;26;6;24;18;4;6;4
874297.js;4;1;3;0;1;1;0;0;0
765774.js;18;4;14;1;5;4;1;1;1
2636719.js;23;16;7;0;16;16;0;0;0
1610360.js;10;6;4;0;6;6;0;0;0
677963.js;5;4;1;0;4;4;0;0;0
2748297.js;10;4;6;0;4;4;0;0;0
3796005.js;23;5;18;3;8;5;4;4;5
212004.js;4;1;3;0;1;1;0;0;0
4574512.js;10;3;7;2;5;3;2;2;2
2193929.js;27;12;15;5;17;12;5;5;5
999267.js;22;3;19;0;3;3;0;0;0
618195.js;19;6;13;0;6;6;3;0;3
265520.js;10;6;4;3;9;6;3;3;3
4987834.js;32;1;31;0;1;1;0;0;0
3339996.js;11;5;6;0;5;5;0;0;0
3180542.js;3;2;1;0;2;2;0;0;0
336649.js;15;2;13;0;2;2;1;0;1
5213965.js;4;3;1;0;3;3;0;0;0
2619202.js;13;7;6;1;8;7;1;1;1
3091625.js;16;3;13;0;3;3;0;0;0
219931.js;8;4;4;0;4;4;0;0;0
1646777.js;26;6;20;2;8;6;2;3;3
2002166.js;29;9;20;2;11;9;2;2;3
2530786.js;43;2;41;3;5;2;4;3;4
2587061.js;20;3;17;1;4;3;1;1;2
281921.js;11;1;10;1;2;1;1;1;1
2584683.js;4;3;1;1;4;3;1;1;1
2016549.js;15;1;14;2;3;1;2;2;2
281860.js;21;7;14;3;10;7;3;3;3
1594821.js;10;3;7;2;5;3;2;2;2
290465.js;5;2;3;0;2;2;1;0;1
2792741.js;5;2;3;1;3;2;1;1;1
265097.js;10;4;6;4;8;4;4;4;4
879693.js;7;2;5;1;3;2;1;1;1
5131111.js;28;23;5;2;25;23;2;2;2
5056029.js;54;29;25;2;31;29;1;2;1
4136962.js;32;6;26;3;9;6;2;3;3
270887.js;12;1;11;1;2;1;1;1;1
1870596.js;18;1;17;0;1;1;0;0;0
2281358.js;2;1;1;0;1;1;0;0;0
3683314.js;2;1;1;1;2;1;1;1;1
765733.js;7;3;4;2;5;3;2;2;2
4612523.js;8;5;3;1;6;5;1;1;1
263770.js;8;3;5;2;5;3;2;2;2
4656386.js;26;7;19;1;8;7;1;1;1
275131.js;8;4;4;2;6;4;2;2;2
28096.js;24;3;21;2;5;3;3;2;3
1000976.js;6;1;5;0;1;1;0;0;0
1841992.js;49;4;45;12;16;4;13;12;13
41451.js;9;5;4;0;4;4;0;0;0
425947.js;23;3;20;5;8;3;5;5;6
1749205.js;2;1;1;0;1;1;0;0;0
375816.js;28;23;5;5;28;23;5;5;5
2937148.js;24;7;17;4;11;7;4;4;4
4364787.js;14;4;10;4;8;4;6;4;6
665315.js;28;3;25;1;4;3;1;1;1
1711267.js;27;3;24;4;7;3;4;4;4
1652635.js;8;5;3;0;5;5;0;0;0
849563.js;19;2;17;0;2;2;0;0;0
5181513.js;7;3;4;1;4;3;1;1;1
5069746.js;54;1;53;3;4;1;3;3;3
3471219.js;20;8;12;2;10;8;2;2;3
5125208.js;16;3;13;2;5;3;2;2;2
3528582.js;23;2;21;3;5;2;4;4;5
4418926.js;13;3;10;1;4;3;1;1;1
2924594.js;18;7;11;0;7;7;0;0;0
3903999.js;4;2;2;0;2;2;0;0;0
104164.js;22;1;21;2;3;1;1;2;1
3234281.js;29;2;27;5;7;2;5;5;5
729341.js;9;3;6;0;3;3;0;0;0
2847373.js;3;1;2;2;3;1;2;2;2
1915677.js;27;5;22;1;5;4;2;2;3
4530113.js;45;10;35;6;16;10;6;7;7
3670281.js;35;9;26;7;16;9;7;7;7
609805.js;45;14;31;2;16;14;2;9;11
1966691.js;7;3;4;1;4;3;0;1;0
3704097.js;25;4;21;1;5;4;1;1;1
4325775.js;10;5;5;2;7;5;2;2;2
1821557.js;57;14;43;6;20;14;6;7;7
1368286.js;51;6;45;5;11;6;5;5;5
1835996.js;3;1;2;0;1;1;1;0;1
2307576.js;9;5;4;0;5;5;0;0;0
968446.js;3;2;1;1;3;2;1;1;1
2223083.js;23;15;8;3;18;15;3;3;3
3383150.js;13;3;10;0;3;3;0;0;0
129081.js;3;1;2;0;1;1;0;0;0
3878277.js;16;15;1;0;15;15;0;0;0
4232545.js;7;1;6;0;1;1;0;0;0
617337.js;7;2;5;1;3;2;1;1;1
290166.js;13;12;1;0;12;12;0;0;0
2094817.js;7;4;3;0;4;4;0;0;0
3951638.js;7;2;5;0;2;2;0;0;0
3624773.js;8;6;2;0;6;6;0;1;1
2201585.js;8;4;4;0;4;4;0;0;0
4196027.js;44;16;28;3;19;16;4;3;4
3942392.js;17;2;15;0;2;2;0;0;0
4685170.js;5;1;4;0;1;1;0;0;0
3810622.js;21;13;8;1;14;13;2;1;2
1373503.js;24;5;19;1;6;5;1;1;1
2454282.js;12;5;7;1;6;5;1;1;1
1283520.js;19;7;12;1;8;7;1;5;5
3968157.js;12;5;7;0;5;5;0;0;0
1184972.js;10;7;3;0;7;7;0;0;0
604351.js;9;1;8;2;3;1;2;2;2
3987006.js;37;6;31;3;9;6;3;4;4
4611052.js;8;4;4;1;5;4;1;1;1
883501.js;9;1;8;3;4;1;3;3;3
15442.js;10;4;6;2;6;4;2;2;2
2863978.js;19;3;16;1;4;3;1;1;1
3995903.js;26;13;13;1;14;13;1;1;1
266355.js;15;4;11;2;6;4;2;2;2
4955396.js;24;2;22;5;7;2;5;6;6
2177735.js;16;4;12;0;4;4;0;0;0
2777161.js;4;2;2;0;2;2;0;0;0
1839307.js;31;14;17;2;16;14;2;3;3
412592.js;5;4;1;0;4;4;0;0;0
2743029.js;9;3;6;2;5;3;2;2;2
1305443.js;10;6;4;0;6;6;0;0;0
1803496.js;10;1;9;0;1;1;0;0;0
1916712.js;26;15;11;2;17;15;2;2;2
2865950.js;4;1;3;0;1;1;0;0;0
4464418.js;6;4;2;0;4;4;0;0;0
469405.js;16;5;11;0;5;5;0;0;0
2630672.js;34;9;25;0;9;9;0;0;0
3615792.js;12;1;11;4;5;1;4;4;4
4319492.js;24;1;23;2;3;1;2;3;3
2033551.js;25;10;15;1;11;10;1;1;1
1353707.js;7;2;5;0;2;2;0;1;1
1094514.js;10;7;3;0;7;7;0;0;0
515520.js;12;4;8;0;4;4;0;0;0
950994.js;56;11;45;9;20;11;10;9;10
1078196.js;12;1;11;1;2;1;1;1;1
3222522.js;3;1;2;0;1;1;0;0;0
1131446.js;11;4;7;0;4;4;0;0;0
3560677.js;2;1;1;0;1;1;0;0;0
233418.js;20;13;7;2;15;13;2;2;2
2742234.js;14;5;9;0;5;5;0;0;0
3782013.js;9;2;7;2;4;2;2;2;2
748526.js;11;5;6;1;6;5;1;1;1
1153179.js;2;1;1;1;2;1;1;1;1
861297.js;8;4;4;2;6;4;2;2;2
690254.js;5;1;4;2;3;1;2;2;2
807314.js;11;1;10;3;4;1;3;3;3
3751157.js;18;2;16;4;6;2;4;4;4
1857913.js;25;11;14;2;13;11;2;3;3
5334823.js;7;5;2;0;5;5;0;0;0
3178340.js;16;3;13;0;3;3;0;0;0
3298356.js;10;5;5;0;5;5;0;0;0
571028.js;7;2;5;2;4;2;2;2;2
4662285.js;3;2;1;0;2;2;0;0;0
4526263.js;8;4;4;1;5;4;1;1;1
10503.js;4;2;2;0;2;2;0;0;0
1076476.js;24;3;21;3;6;3;3;3;3
1662521.js;11;2;9;3;5;2;3;5;5
3130831.js;14;4;10;1;5;4;1;1;1
2910344.js;3;2;1;0;2;2;0;0;0
4232924.js;4;2;2;0;2;2;0;0;0
35377.js;7;3;4;1;4;3;1;1;1
50462.js;18;5;13;1;6;5;1;1;1
209776.js;7;2;5;0;2;2;0;0;0
2262511.js;6;3;3;0;3;3;0;0;0
665877.js;15;2;13;10;12;2;10;11;11
3220027.js;6;4;2;0;4;4;0;0;0
3986733.js;8;2;6;0;2;2;0;0;0
626596.js;14;10;4;0;10;10;0;0;0
492542.js;12;6;6;0;6;6;1;0;1
4578423.js;3;2;1;0;2;2;0;0;0
532888.js;16;7;9;1;8;7;1;1;1
443684.js;10;3;7;2;5;3;2;2;2
1712749.js;5;3;2;0;3;3;0;0;0
2896439.js;14;2;12;1;3;2;1;2;2
3932222.js;5;2;3;1;3;2;1;1;1
3036833.js;14;7;7;1;8;7;1;1;1
3066402.js;13;2;11;4;6;2;4;6;6
3724401.js;8;1;7;1;2;1;2;1;2
1210500.js;24;4;20;1;5;4;2;1;2
5119875.js;48;13;35;1;14;13;1;3;3
2040061.js;21;10;11;3;13;10;3;3;3
2150257.js;12;3;9;1;4;3;1;1;1
3346902.js;21;5;16;1;6;5;1;1;1
2849207.js;4;3;1;0;3;3;0;1;1
4263240.js;21;2;19;1;3;2;2;2;3
2934518.js;4;1;3;0;1;1;0;1;1
2966709.js;32;10;22;7;17;10;7;10;10
4838851.js;7;5;2;1;6;5;1;1;1
885710.js;28;9;19;5;14;9;5;6;7
3698571.js;31;5;26;1;6;5;1;1;1
4807262.js;29;12;17;7;19;12;8;7;8
897078.js;34;5;29;3;8;5;3;3;3
3023757.js;22;3;19;3;6;3;3;3;3
494663.js;10;2;8;1;3;2;1;1;1
5036214.js;12;2;10;3;5;2;3;3;3
3311315.js;10;1;9;1;2;1;1;1;1
4753881.js;17;2;15;1;3;2;1;1;1
2191963.js;15;4;11;2;6;4;3;2;3
16203.js;33;7;26;1;8;7;1;2;2
3442656.js;16;11;5;1;12;11;1;1;1
3424452.js;15;6;9;2;8;6;2;2;2
1720447.js;18;4;14;0;4;4;0;0;0
254620.js;10;1;9;3;4;1;3;3;3
1347386.js;13;2;11;3;5;2;3;4;4
5139692.js;16;3;13;2;5;3;2;2;2
1134308.js;9;4;5;0;4;4;0;0;0
418741.js;10;1;9;0;1;1;0;0;0
134644.js;8;1;7;0;1;1;0;0;0
1154278.js;6;2;4;1;3;2;1;1;1
1220231.js;21;9;12;0;9;9;1;0;1
1763122.js;39;11;28;0;11;11;0;0;0
2824562.js;16;11;5;0;11;11;0;0;0
2071333.js;10;8;2;0;8;8;0;0;0
787664.js;18;5;13;1;6;5;1;1;1
4917900.js;23;8;15;1;9;8;1;1;1
2928509.js;3;1;2;0;1;1;0;0;0
3336793.js;20;1;19;4;5;1;4;4;4
4081130.js;8;5;3;2;7;5;2;2;2
81312.js;22;4;18;11;15;4;11;11;11
5871.js;20;3;17;1;4;3;2;2;2
3219415.js;7;6;1;0;6;6;0;0;0
4261038.js;5;1;4;0;1;1;0;0;0
2795899.js;4;2;2;1;3;2;1;1;1
4049327.js;7;5;2;0;5;5;0;0;0
4368247.js;36;6;30;5;11;6;6;7;9
755764.js;28;1;27;3;4;1;4;4;5
1775149.js;13;2;11;0;2;2;0;0;0
3522256.js;12;7;5;0;7;7;0;1;1
640182.js;7;2;5;1;3;2;1;1;1
1962687.js;37;7;30;0;7;7;0;0;0
4402252.js;5;2;3;0;2;2;0;0;0
2710890.js;15;10;5;0;10;10;0;0;0
2272296.js;3;1;2;0;1;1;0;0;0
578077.js;14;5;9;3;8;5;4;3;4
355989.js;9;4;5;1;5;4;1;1;1
2709422.js;10;3;7;1;4;3;1;1;1
860193.js;12;4;8;1;5;4;1;1;1
1261441.js;4;2;2;0;2;2;0;0;0
4829796.js;17;1;16;0;1;1;0;1;1
267424.js;11;3;8;2;5;3;2;2;2
820466.js;6;4;2;0;3;3;0;0;0
4800912.js;10;3;7;0;3;3;0;0;0
192105.js;5;2;3;0;2;2;0;0;0
100501.js;22;14;8;4;18;14;4;4;4
351917.js;7;2;5;2;4;2;1;2;1
1364599.js;17;9;8;1;10;9;1;1;1
2348607.js;5;4;1;0;4;4;0;0;0
2902522.js;32;17;15;2;18;16;2;2;2
4094334.js;23;13;10;0;13;13;0;0;1
5255614.js;12;4;8;3;7;4;3;3;3
2040767.js;10;3;7;0;3;3;0;0;0
220433.js;16;3;13;0;3;3;0;0;0
1963007.js;31;9;22;12;21;9;12;12;12
185172.js;36;6;30;5;11;6;5;5;5
5272047.js;11;3;8;0;3;3;0;0;0
936819.js;32;5;27;16;21;5;18;16;18
3939378.js;3;1;2;0;1;1;0;0;0
2466387.js;11;4;7;0;4;4;0;0;0
2149104.js;6;3;3;0;3;3;0;1;1
2653407.js;6;2;4;0;2;2;1;1;1
2932923.js;18;14;4;0;14;14;0;0;0
3283142.js;21;3;18;4;7;3;4;4;4
1667688.js;12;3;9;6;9;3;6;6;6
213443.js;11;7;4;1;8;7;1;1;1
1688953.js;7;1;6;1;2;1;2;1;2
401460.js;3;2;1;0;2;2;0;0;0
522762.js;19;5;14;3;8;5;3;3;3
3440337.js;6;1;5;0;1;1;0;0;0
2272027.js;11;1;10;3;4;1;3;3;3
3181634.js;36;8;28;3;11;8;3;3;3
780248.js;19;5;14;4;9;5;4;4;4
1126847.js;14;1;13;2;3;1;2;2;2
2256381.js;4;1;3;0;1;1;0;0;0
3975754.js;3;1;2;0;1;1;0;0;0
2964430.js;9;3;6;0;3;3;0;0;0
997449.js;49;5;44;1;6;5;2;1;2
2191678.js;27;14;13;3;17;14;3;3;3
4060888.js;7;1;6;0;1;1;0;0;0
5105529.js;12;6;6;0;6;6;0;0;0
5228538.js;14;1;13;5;6;1;5;6;6
1170095.js;29;3;26;11;14;3;11;12;14
3697482.js;13;8;5;0;8;8;0;0;0
1677664.js;13;8;5;0;8;8;0;0;0
412426.js;19;6;13;2;8;6;1;2;1
2063491.js;8;4;4;0;4;4;0;0;0
3938451.js;13;1;12;0;1;1;0;0;0
2585486.js;36;8;28;5;13;8;5;6;6
1177030.js;23;15;8;4;19;15;4;4;4
1655515.js;3;1;2;2;3;1;2;2;2
3546939.js;19;5;14;2;7;5;2;2;2
4746611.js;19;3;16;5;8;3;5;6;6
1067848.js;15;8;7;1;9;8;1;1;1
3879457.js;63;24;39;29;52;23;29;29;29
117588.js;3;1;2;0;1;1;0;0;0
2111689.js;16;1;15;6;7;1;6;6;6
1338500.js;4;2;2;1;3;2;1;1;1
213020.js;30;21;9;0;21;21;0;4;4
874989.js;21;12;9;8;20;12;8;8;8
1316174.js;14;8;6;0;8;8;0;0;0
1188226.js;21;8;13;8;16;8;8;8;8
277967.js;4;2;2;1;3;2;1;1;1
2799249.js;12;4;8;1;5;4;1;1;1
3292120.js;8;6;2;0;6;6;0;0;0
1031454.js;3;1;2;2;3;1;2;2;2
2343751.js;6;5;1;0;5;5;0;0;0
4510058.js;11;6;5;0;6;6;0;0;0
2356903.js;29;2;27;1;3;2;2;1;2
617426.js;19;7;12;2;9;7;2;2;2
1461060.js;36;2;34;0;2;2;1;0;1
1158509.js;21;1;20;2;3;1;2;2;2
3284957.js;10;3;7;1;4;3;1;5;5
1839352.js;25;11;14;0;11;11;0;0;0
2276860.js;5;3;2;0;3;3;0;0;0
2499109.js;15;3;12;1;4;3;1;1;1
1709365.js;9;1;8;0;1;1;0;0;0
1856954.js;15;11;4;1;12;11;1;1;1
3293549.js;4;3;1;0;3;3;0;0;0
2020119.js;3;1;2;1;2;1;1;1;1
677267.js;14;5;9;2;7;5;2;3;3
3456659.js;5;2;3;0;2;2;0;0;0
415365.js;33;2;31;3;5;2;3;4;4
1859869.js;7;1;6;1;2;1;1;1;1
4427398.js;7;4;3;1;5;4;1;1;1
636801.js;6;1;5;3;4;1;3;3;3
5257655.js;19;16;3;0;16;16;0;0;0
3148904.js;27;7;20;0;7;7;0;0;0
1040648.js;5;4;1;0;4;4;0;0;0
4968185.js;8;1;7;2;3;1;2;2;2
396177.js;19;17;2;1;18;17;1;1;1
3280104.js;12;6;6;1;7;6;1;1;1
3281878.js;16;3;13;1;4;3;1;2;2
1068132.js;56;10;46;2;12;10;2;4;4
589011.js;17;1;16;0;1;1;0;0;0
3067253.js;10;3;7;0;3;3;0;0;0
140674.js;4;2;2;0;2;2;0;0;0
1470555.js;22;7;15;2;9;7;2;4;4
2831406.js;13;1;12;0;1;1;0;0;0
4021921.js;2;1;1;0;1;1;0;0;0
3267674.js;23;7;16;2;9;7;2;2;2
3688230.js;13;6;7;0;6;6;0;0;0
108809.js;13;6;7;0;6;6;1;0;1
508296.js;18;9;9;1;10;9;1;1;1
1353110.js;7;6;1;0;6;6;0;0;0
2467977.js;8;2;6;3;5;2;3;3;3
4458432.js;7;2;5;1;3;2;0;1;0
3966634.js;3;1;2;2;3;1;2;2;2
1022753.js;8;4;4;3;7;4;3;4;4
479175.js;14;3;11;0;3;3;0;0;0
4705409.js;7;2;5;0;2;2;0;0;0
1303708.js;21;5;16;2;7;5;2;4;4
33031.js;17;1;16;0;1;1;0;0;0
292126.js;11;7;4;0;6;6;0;0;0
249921.js;21;6;15;6;12;6;6;6;6
2949184.js;27;15;12;0;15;15;3;4;7
3329165.js;11;7;4;0;7;7;0;0;0
3512254.js;10;2;8;1;3;2;1;2;2
3036654.js;29;7;22;3;10;7;3;3;3
611673.js;46;14;32;5;19;14;5;6;6
1405982.js;2;1;1;0;1;1;0;0;0
221339.js;14;3;11;2;5;3;2;2;2
526902.js;6;2;4;0;2;2;0;1;1
4749132.js;8;3;5;3;6;3;3;3;3
4820829.js;15;7;8;0;7;7;1;1;2
2604624.js;46;7;39;2;9;7;2;2;2
2060567.js;16;2;14;3;5;2;3;4;4
426335.js;16;1;15;0;1;1;0;1;1
720876.js;5;1;4;0;1;1;0;0;0
3799378.js;10;8;2;0;8;8;0;0;0
1860879.js;17;2;15;2;4;2;2;2;2
2242309.js;14;2;12;1;3;2;2;1;2
3109779.js;14;5;9;0;5;5;0;1;1
3800941.js;4;2;2;1;3;2;1;1;1
2966902.js;14;1;13;1;2;1;1;1;1
3063595.js;14;1;13;1;2;1;1;1;1
2525743.js;31;4;27;3;7;4;3;3;3
1682582.js;16;8;8;1;9;8;1;1;1
319066.js;25;11;14;0;11;11;0;0;0
757708.js;17;11;6;1;12;11;1;1;1
411881.js;19;2;17;2;4;2;3;3;4
622601.js;24;2;22;0;2;2;0;0;0
4952351.js;15;2;13;1;3;2;3;1;3
5029512.js;39;13;26;3;16;13;3;4;5
2565286.js;14;7;7;0;7;7;0;0;0
1298498.js;44;10;34;8;18;10;8;8;8
3490427.js;19;6;13;1;6;5;1;1;1
1119070.js;30;1;29;2;3;1;2;2;2
973156.js;26;5;21;2;7;5;2;4;5
795102.js;34;6;28;11;17;6;11;15;15
3750656.js;12;3;9;1;4;3;1;1;1
2754103.js;14;9;5;2;11;9;2;2;2
3246247.js;26;10;16;1;11;10;2;3;5
1458158.js;12;1;11;6;7;1;6;6;6
267568.js;14;4;10;2;6;4;2;2;2
1856804.js;5;4;1;0;4;4;0;0;0
1162001.js;5;4;1;0;4;4;0;0;0
3282284.js;5;1;4;0;1;1;0;0;0
4723564.js;32;11;21;0;11;11;1;2;2
1258931.js;16;12;4;0;12;12;0;0;0
3553722.js;15;13;2;0;13;13;0;0;0
1884680.js;23;4;19;3;7;4;3;3;3
4151296.js;24;8;16;2;10;8;2;3;3
2321465.js;16;2;14;0;2;2;0;0;0
3735331.js;10;5;5;0;5;5;0;0;0
4868316.js;22;2;20;0;2;2;0;0;0
3394304.js;3;1;2;0;1;1;0;0;0
4752925.js;8;2;6;1;3;2;1;1;1
2088963.js;16;9;7;2;11;9;2;2;2
250304.js;20;9;11;0;9;9;0;1;1
4276769.js;6;5;1;0;5;5;0;0;0
2330945.js;14;1;13;7;8;1;7;7;7
3316992.js;17;7;10;4;11;7;4;4;4
4054328.js;17;1;16;2;3;1;2;2;2
214169.js;14;5;9;2;7;5;3;2;3
2742551.js;14;6;8;1;7;6;1;1;1
4799765.js;7;2;5;1;3;2;1;1;1
523129.js;25;10;15;0;10;10;0;1;1
5257002.js;7;1;6;0;1;1;0;0;0
1988631.js;4;3;1;0;3;3;0;0;0
956374.js;8;4;4;0;4;4;0;0;0
3957811.js;6;2;4;1;3;2;1;1;1
1792625.js;3;2;1;0;2;2;0;0;0
4906916.js;9;1;8;0;1;1;0;0;0
2265982.js;28;10;18;0;10;10;0;0;0
4794805.js;24;4;20;10;14;4;10;10;10
3605477.js;25;6;19;3;9;6;4;3;4
4755850.js;28;3;25;3;6;3;3;3;3
3037202.js;11;6;5;0;6;6;0;0;0
863408.js;16;1;15;4;5;1;7;6;9
3189624.js;18;3;15;2;5;3;2;2;2
4190241.js;3;1;2;1;2;1;1;1;1
4936604.js;7;5;2;0;5;5;1;0;1
3198755.js;3;2;1;0;2;2;0;0;0
3076121.js;23;2;21;0;2;2;2;1;3
2400296.js;21;8;13;0;8;8;0;0;0
56305.js;12;2;10;1;3;2;1;1;1
869730.js;18;7;11;0;7;7;0;0;0
3588323.js;9;4;5;0;4;4;0;0;0
16939.js;63;2;61;1;3;2;3;1;3
1839243.js;17;9;8;1;10;9;1;2;2
264118.js;9;4;5;3;7;4;3;3;3
783356.js;32;5;27;4;9;5;4;6;6
626419.js;11;9;2;0;9;9;0;0;0
3631235.js;10;5;5;1;6;5;1;1;1
27908.js;2;1;1;1;2;1;1;1;1
104897.js;5;4;1;0;4;4;0;0;0
3730136.js;47;18;29;7;25;18;7;7;7
2273713.js;32;6;26;1;7;6;1;2;2
944374.js;17;9;8;2;11;9;2;2;2
1958399.js;10;1;9;3;4;1;3;3;3
1158949.js;4;2;2;0;2;2;0;0;0
914598.js;6;2;4;0;2;2;0;0;0
3089180.js;4;2;2;0;2;2;0;0;0
2625911.js;4;1;3;0;1;1;2;0;2
971120.js;25;11;14;1;12;11;1;1;1
1742529.js;45;13;32;2;15;13;2;2;2
3815541.js;43;1;42;3;4;1;4;3;4
333005.js;26;1;25;2;3;1;2;2;2
677638.js;9;3;6;1;4;3;1;1;1
1781310.js;8;7;1;1;8;7;1;1;1
770954.js;9;6;3;0;6;6;0;0;0
4808456.js;26;8;18;2;10;8;2;3;3
282831.js;3;1;2;1;2;1;2;1;2
2552147.js;6;3;3;0;3;3;0;0;0
1891690.js;5;2;3;0;2;2;0;0;0
2784971.js;5;3;2;1;4;3;1;1;1
2690203.js;9;5;4;0;5;5;0;0;0
4808663.js;16;5;11;1;6;5;1;1;1
4222022.js;15;6;9;0;6;6;1;0;1
1814692.js;6;3;3;0;3;3;0;0;0
2203746.js;14;4;10;0;4;4;0;0;0
1812431.js;2;1;1;0;1;1;0;0;0
2146971.js;15;6;9;0;6;6;0;0;0
929830.js;16;7;9;1;8;7;1;1;1
1072065.js;2;1;1;1;2;1;1;1;1
1660035.js;44;5;39;3;8;5;5;9;9
4088736.js;8;3;5;0;3;3;0;0;0
973911.js;22;2;20;4;6;2;4;4;4
3947373.js;7;3;4;1;4;3;1;1;1
2006926.js;43;7;36;9;16;7;9;9;9
733445.js;3;2;1;0;2;2;0;0;0
128603.js;24;5;19;1;6;5;1;2;2
4644325.js;12;10;2;0;10;10;0;0;0
2016772.js;17;15;2;0;15;15;0;0;0
4864714.js;15;8;7;1;9;8;1;4;4
3517445.js;25;14;11;3;17;14;3;3;3
3633288.js;14;1;13;1;2;1;3;1;4
3431096.js;24;3;21;1;4;3;1;1;1
301897.js;35;7;28;4;11;7;4;5;5
2189232.js;4;2;2;0;2;2;0;2;2
2676079.js;40;11;29;1;12;11;1;1;1
1458322.js;23;1;22;5;6;1;5;6;6
1736532.js;24;5;19;0;5;5;0;0;0
4036828.js;20;10;10;0;10;10;0;0;0
212804.js;12;3;9;0;3;3;0;0;0
2635415.js;22;20;2;0;20;20;0;1;1
1720575.js;10;2;8;0;2;2;0;0;0
2802609.js;15;4;11;2;6;4;2;2;2
2555045.js;9;6;3;0;6;6;0;0;0
5066290.js;3;1;2;2;3;1;2;2;2
5044409.js;15;7;8;2;9;7;2;2;2
4443725.js;12;3;9;0;3;3;0;0;1
519038.js;13;4;9;1;5;4;1;1;1
2312165.js;13;3;10;2;5;3;2;2;2
1862139.js;20;2;18;1;3;2;1;2;1
35239.js;34;1;33;1;2;1;1;1;1
3946520.js;8;4;4;1;5;4;1;1;1
3424205.js;5;2;3;1;3;2;1;1;1
662008.js;13;3;10;0;3;3;0;1;1
2195895.js;6;5;1;0;5;5;0;0;0
1209421.js;14;3;11;0;3;3;1;0;1
4068623.js;19;3;16;2;5;3;2;2;2
783378.js;21;5;16;2;7;5;2;2;2
498372.js;9;2;7;0;2;2;0;0;0
2777879.js;6;2;4;0;2;2;0;0;0
4852453.js;59;20;39;6;26;20;8;7;9
2981592.js;33;11;22;5;16;11;4;5;4
4107188.js;4;2;2;0;2;2;0;0;0
1900008.js;39;9;30;4;13;9;5;8;9
5160470.js;19;2;17;4;6;2;4;4;4
660070.js;4;3;1;0;3;3;0;0;0
2912315.js;17;7;10;0;7;7;0;0;0
2787162.js;4;3;1;1;4;3;1;1;1
1283194.js;8;4;4;0;4;4;0;0;0
2921179.js;13;8;5;1;9;8;1;1;1
2255394.js;3;2;1;1;3;2;1;1;1
2866026.js;12;3;9;0;3;3;0;0;0
1229243.js;25;3;22;5;8;3;5;6;7
5056277.js;23;10;13;2;12;10;2;4;4
200831.js;18;6;12;1;7;6;2;1;2
578313.js;5;1;4;0;1;1;0;0;0
3660175.js;5;3;2;2;5;3;2;2;2
1804275.js;5;4;1;0;4;4;0;0;0
17528.js;27;9;18;1;10;9;1;1;2
5030036.js;9;6;3;0;6;6;0;0;0
561250.js;8;5;3;1;6;5;1;1;1
306560.js;25;1;24;8;9;1;10;10;13
5259019.js;5;4;1;0;4;4;0;0;0
4838849.js;10;5;5;0;5;5;0;0;0
5160017.js;19;8;11;2;10;8;2;2;2
2206659.js;10;2;8;3;5;2;3;3;4
1781324.js;20;8;12;0;8;8;0;0;0
3201689.js;5;1;4;2;3;1;2;2;2
4842501.js;8;3;5;0;3;3;0;0;0
4044763.js;8;5;3;0;5;5;0;0;0
654330.js;8;2;6;1;3;2;1;1;1
4602727.js;11;2;9;0;2;2;0;1;1
2587385.js;15;4;11;6;10;4;6;6;6
1048181.js;22;6;16;2;8;6;2;2;2
3660120.js;6;4;2;2;6;4;2;2;2
1408634.js;15;7;8;2;9;7;2;2;2
2179943.js;15;2;13;0;2;2;0;0;0
703180.js;12;4;8;0;4;4;0;0;0
2642285.js;18;6;12;1;7;6;1;1;1
2776376.js;7;2;5;0;2;2;0;0;0
2556371.js;17;12;5;2;14;12;2;2;2
1956915.js;9;6;3;1;7;6;1;1;1
5010630.js;19;7;12;2;9;7;2;3;3
691868.js;9;1;8;1;2;1;1;1;1
3326142.js;15;7;8;0;7;7;0;0;0
3314058.js;14;3;11;0;3;3;0;0;0
265136.js;9;4;5;3;7;4;3;3;3
99121.js;25;14;11;3;17;14;4;4;4
4071560.js;11;5;6;2;7;5;2;2;2
1870105.js;14;2;12;3;5;2;3;3;3
4796668.js;22;7;15;2;9;7;3;2;3
3006296.js;2;1;1;0;1;1;0;0;0
3297741.js;10;4;6;0;4;4;0;0;0
811187.js;24;7;17;0;7;7;0;0;0
2284066.js;17;13;4;1;14;13;1;1;1
387920.js;2;1;1;0;1;1;0;0;0
3294026.js;5;4;1;0;4;4;0;0;0
973193.js;18;4;14;0;4;4;0;0;0
553717.js;16;8;8;1;9;8;1;1;1
2245691.js;20;7;13;7;14;7;7;7;7
1622403.js;10;2;8;0;2;2;0;0;0
888398.js;26;5;21;1;6;5;3;1;3
2005503.js;19;5;14;1;6;5;1;1;1
1775048.js;13;2;11;0;2;2;0;0;1
4799686.js;9;4;5;1;5;4;1;1;1
2089500.js;27;4;23;7;11;4;7;9;9
2219336.js;25;4;21;1;5;4;1;1;1
1844002.js;12;5;7;2;7;5;2;2;2
263908.js;7;4;3;3;7;4;3;3;3
372790.js;22;3;19;0;3;3;0;0;0
4236050.js;25;24;1;0;24;24;0;0;0
1398775.js;8;3;5;1;4;3;1;1;1
672871.js;19;1;18;5;6;1;5;6;6
1117661.js;4;3;1;0;3;3;0;0;0
1918653.js;42;8;34;6;14;8;6;7;7
489631.js;8;4;4;0;4;4;0;0;0
4834209.js;9;7;2;1;8;7;1;1;1
542901.js;24;1;23;5;6;1;5;5;5
1402978.js;9;3;6;1;4;3;1;1;1
688417.js;3;2;1;0;2;2;0;0;0
2982812.js;21;8;13;7;15;8;7;7;7
862615.js;11;2;9;0;2;2;0;0;0
1370423.js;18;4;14;1;4;3;1;2;2
881264.js;23;6;17;8;14;6;8;8;8
938.js;6;2;4;1;3;2;1;1;1
1897620.js;17;5;12;1;6;5;1;1;1
947701.js;8;5;3;0;5;5;0;0;0
3113689.js;87;12;75;4;16;12;5;5;6
51734.js;7;1;6;1;2;1;1;1;1
305161.js;19;3;16;4;7;3;4;5;5
1088573.js;6;3;3;1;4;3;1;1;1
230450.js;9;2;7;0;2;2;0;0;0
3891190.js;8;5;3;0;5;5;0;0;0
2941014.js;23;2;21;4;6;2;4;4;4
1439066.js;21;5;16;1;6;5;1;1;1
1245802.js;12;2;10;1;3;2;1;1;1
720687.js;14;3;11;0;3;3;0;1;1
2031213.js;48;30;18;4;34;30;4;4;4
5201833.js;47;11;36;1;12;11;1;3;3
3052171.js;17;5;12;1;6;5;2;2;3
4354026.js;5;3;2;0;3;3;0;0;0
727829.js;12;2;10;2;4;2;2;2;2
388892.js;9;3;6;0;3;3;1;0;1
447343.js;9;4;5;1;5;4;1;1;1
5283890.js;4;3;1;0;3;3;0;0;0
3353070.js;19;6;13;0;6;6;0;0;0
2433936.js;25;4;21;5;9;4;5;5;5
4983769.js;9;4;5;0;4;4;0;0;0
2691628.js;20;5;15;0;5;5;0;0;0
381659.js;16;2;14;1;3;2;1;1;1
572963.js;26;9;17;3;12;9;3;3;3
1179780.js;6;5;1;0;5;5;0;0;0
4194.js;15;4;11;2;6;4;2;2;2
4129.js;7;3;4;1;4;3;1;1;1
3017443.js;4;2;2;0;2;2;0;0;0
1659525.js;33;15;18;6;21;15;6;8;10
138018.js;4;1;3;1;2;1;1;1;1
3512672.js;17;1;16;4;5;1;4;6;6
3012111.js;35;2;33;7;9;2;7;7;7
136007.js;7;3;4;1;4;3;1;2;2
960200.js;4;2;2;0;2;2;0;0;0
5202210.js;13;9;4;3;12;9;3;3;3
5215737.js;12;3;9;2;5;3;2;2;2
3317011.js;12;6;6;0;6;6;0;0;0
1899277.js;11;3;8;0;3;3;0;0;0
4962801.js;2;1;1;0;1;1;0;0;0
628780.js;16;15;1;0;15;15;0;0;0
1824180.js;13;6;7;0;6;6;0;2;2
4055395.js;5;3;2;0;3;3;0;1;1
4535198.js;3;2;1;0;2;2;0;0;0
3716054.js;10;2;8;2;4;2;3;2;3
4869088.js;6;3;3;1;4;3;1;1;1
110823.js;11;10;1;0;10;10;0;1;1
4378914.js;15;1;14;5;6;1;5;5;5
5141576.js;6;2;4;2;4;2;2;2;2
1084602.js;16;3;13;1;4;3;1;1;1
2170837.js;36;17;19;0;17;17;0;0;0
3755065.js;7;3;4;1;4;3;1;1;1
5221381.js;7;1;6;2;3;1;2;2;2
953678.js;2;1;1;1;2;1;1;1;1
3479629.js;11;4;7;0;4;4;0;0;0
3439206.js;4;1;3;0;1;1;0;0;0
289789.js;13;12;1;0;12;12;0;0;0
955241.js;16;2;14;3;5;2;3;3;3
3938239.js;4;1;3;0;1;1;0;0;0
726176.js;18;3;15;2;5;3;2;2;2
4132305.js;10;7;3;1;8;7;1;1;1
4262317.js;8;1;7;0;1;1;0;0;0
748238.js;5;2;3;1;3;2;1;1;1
1270473.js;25;9;16;1;10;9;1;2;2
1162638.js;11;1;10;3;4;1;3;3;3
2148829.js;46;18;28;2;20;18;2;2;2
1353643.js;12;6;6;0;6;6;0;0;0
5190152.js;3;1;2;0;1;1;0;0;0
295081.js;9;1;8;0;1;1;0;0;0
2717003.js;11;1;10;1;2;1;1;1;1
1100733.js;25;5;20;2;7;5;2;2;2
1187160.js;6;2;4;1;3;2;1;1;1
805765.js;17;2;15;1;3;2;1;2;2
517106.js;13;1;12;1;2;1;1;1;1
3810530.js;8;4;4;0;4;4;0;0;0
996695.js;28;1;27;3;4;1;3;3;3
650346.js;20;6;14;0;6;6;0;0;0
3019413.js;5;2;3;2;4;2;2;2;2
1648072.js;5;2;3;2;4;2;2;2;2
1682075.js;27;3;24;0;3;3;0;0;0
4556507.js;30;19;11;3;22;19;3;3;3
100972.js;39;15;24;4;19;15;4;5;5
542222.js;3;1;2;0;1;1;0;0;0
3323866.js;3;2;1;1;3;2;1;1;1
2485483.js;12;2;10;1;3;2;1;1;1
1931603.js;9;2;7;0;2;2;0;0;0
1350021.js;5;1;4;2;3;1;2;2;2
3888148.js;12;8;4;0;8;8;0;0;0
1199347.js;15;12;3;1;13;12;1;1;1
1087489.js;5;2;3;1;3;2;1;1;1
698149.js;11;3;8;0;3;3;0;0;0
2482088.js;27;2;25;4;6;2;4;4;4
2662247.js;8;1;7;2;3;1;2;2;2
1276938.js;25;2;23;1;3;2;1;2;2
3896734.js;45;20;25;9;28;19;9;9;9
341653.js;15;2;13;4;6;2;4;4;4
110582.js;14;8;6;2;10;8;2;2;2
2867596.js;33;6;27;2;8;6;2;2;2
2227212.js;15;5;10;4;9;5;4;4;4
719849.js;18;3;15;1;4;3;1;2;2
4751022.js;28;12;16;0;11;11;0;0;0
1278183.js;10;5;5;0;5;5;0;1;1
3524357.js;12;2;10;0;2;2;1;0;1
4837728.js;12;5;7;2;7;5;2;2;2
418761.js;8;1;7;2;3;1;2;2;2
2196006.js;11;2;9;1;3;2;1;1;1
3938763.js;7;1;6;0;1;1;0;0;0
1343845.js;23;1;22;2;3;1;3;2;3
3989262.js;17;3;14;0;3;3;0;0;0
4390520.js;15;13;2;1;14;13;1;2;2
1023494.js;20;3;17;0;3;3;0;0;0
4772096.js;19;10;9;0;10;10;0;0;0
954140.js;17;6;11;1;7;6;3;2;4
405732.js;3;1;2;0;1;1;0;0;0
486764.js;6;4;2;0;4;4;0;0;0
49961.js;5;3;2;0;3;3;0;0;0
59149.js;23;3;20;0;3;3;0;0;0
984008.js;21;15;6;0;15;15;0;0;0
2892022.js;8;3;5;0;3;3;0;0;0
5192554.js;6;1;5;3;4;1;3;3;3
3163050.js;7;4;3;0;3;3;0;0;0
1573970.js;10;2;8;3;5;2;4;4;4
265672.js;8;4;4;3;7;4;3;3;3
522631.js;5;1;4;3;4;1;3;3;3
1390514.js;20;6;14;1;7;6;2;1;2
4005322.js;28;13;15;1;14;13;1;1;1
5022240.js;22;9;13;5;14;9;5;5;5
4025022.js;5;2;3;2;4;2;2;2;2
3299232.js;8;7;1;1;8;7;1;1;1
3798031.js;30;20;10;2;22;20;2;2;2
763577.js;12;7;5;1;8;7;1;1;1
1235067.js;16;3;13;1;4;3;1;1;1
1811057.js;24;12;12;2;14;12;2;3;3
2447141.js;38;11;27;10;21;11;10;10;10
1810743.js;45;3;42;3;6;3;3;3;3
1979592.js;9;3;6;0;3;3;0;0;0
2586254.js;7;2;5;2;4;2;2;2;2
68320.js;17;5;12;1;6;5;1;1;1
5049831.js;13;5;8;0;5;5;0;0;0
3220768.js;12;1;11;2;3;1;2;2;2
3671492.js;6;3;3;0;3;3;0;0;0
4680185.js;3;1;2;0;1;1;0;0;0
2815690.js;29;9;20;2;11;9;2;3;3
2039264.js;21;7;14;4;11;7;4;4;4
2824563.js;17;4;13;0;4;4;0;1;2
1293204.js;10;2;8;0;2;2;0;0;0
559968.js;15;6;9;1;6;5;2;3;4
3517544.js;25;12;13;1;12;11;2;2;3
520609.js;31;15;16;3;18;15;3;4;4
119802.js;23;2;21;1;3;2;1;3;3
1660029.js;13;7;6;1;8;7;1;1;1
777898.js;13;4;9;1;5;4;1;1;1
4836533.js;10;3;7;0;3;3;0;0;0
930225.js;5;2;3;0;2;2;0;0;0
3089247.js;12;2;10;3;5;2;3;3;4
4975090.js;13;1;12;0;1;1;0;0;0
4668865.js;27;17;10;5;22;17;5;5;5
1245758.js;26;13;13;1;14;13;1;1;1
1994345.js;9;6;3;0;6;6;0;0;0
987815.js;16;1;15;1;2;1;1;1;1
514630.js;9;1;8;2;3;1;2;2;2
2625828.js;17;5;12;2;7;5;2;2;2
715151.js;24;8;16;0;8;8;0;0;0
3350936.js;10;2;8;1;3;2;1;1;1
3659040.js;16;2;14;0;2;2;0;0;0
5248978.js;10;1;9;1;2;1;1;1;1
2930374.js;2;1;1;0;1;1;0;0;0
2728111.js;13;3;10;2;5;3;2;2;2
859182.js;19;1;18;8;9;1;8;8;8
2626738.js;11;2;9;2;4;2;2;2;2
1356064.js;8;2;6;0;2;2;0;0;0
4620701.js;5;2;3;1;3;2;1;1;1
1083928.js;24;11;13;2;13;11;2;2;2
1482640.js;17;7;10;4;11;7;4;5;5
4087168.js;16;14;2;0;14;14;0;0;0
5052868.js;3;1;2;1;2;1;1;1;1
4101957.js;10;5;5;0;5;5;0;0;0
5024308.js;14;6;8;2;8;6;2;2;2
267886.js;6;3;3;3;6;3;3;3;3
1185389.js;22;5;17;0;5;5;0;0;0
4770598.js;4;1;3;1;2;1;1;1;1
1331315.js;12;1;11;3;4;1;3;3;3
4052668.js;24;7;17;0;7;7;0;0;0
962210.js;18;2;16;1;3;2;2;1;2
1269985.js;39;7;32;0;7;7;0;0;0
3683245.js;4;2;2;0;2;2;1;0;1
140207.js;9;1;8;2;3;1;2;2;2
3625092.js;8;2;6;1;3;2;1;1;1
1350620.js;6;4;2;0;4;4;0;0;0
326418.js;9;3;6;1;4;3;1;2;2
2971876.js;9;1;8;2;3;1;2;2;2
420956.js;8;1;7;2;3;1;2;2;2
4190734.js;3;2;1;0;2;2;0;0;0
99771.js;24;15;9;3;18;15;3;3;3
4393162.js;7;5;2;0;5;5;0;0;0
872614.js;6;2;4;0;2;2;0;0;0
3715747.js;4;1;3;2;3;1;2;2;2
5243239.js;16;4;12;0;4;4;0;0;0
4654236.js;12;9;3;0;9;9;0;0;0
1712498.js;23;7;16;2;9;7;2;2;2
69459.js;13;5;8;1;6;5;1;1;1
4905076.js;16;11;5;0;11;11;0;0;0
4229991.js;8;2;6;2;4;2;2;2;2
4674313.js;17;6;11;1;7;6;1;2;2
4020524.js;17;5;12;1;6;5;1;1;1
1159883.js;12;10;2;0;10;10;0;0;0
2063942.js;21;8;13;5;13;8;5;5;5
2522382.js;3;2;1;0;2;2;0;1;1
1954009.js;26;9;17;4;13;9;5;5;6
1662510.js;18;1;17;6;7;1;6;6;6
1123540.js;39;8;31;2;10;8;2;3;3
2606015.js;2;1;1;0;1;1;0;0;0
1297677.js;13;5;8;1;6;5;1;1;1
857823.js;7;6;1;0;6;6;0;0;0
982373.js;4;1;3;1;2;1;1;1;1
1658586.js;18;6;12;2;8;6;2;3;3
4969344.js;21;2;19;0;2;2;1;0;1
656116.js;14;2;12;0;2;2;0;0;0
987507.js;14;4;10;2;6;4;2;2;2
4676360.js;27;17;10;1;18;17;1;1;1
675610.js;11;4;7;2;6;4;1;2;1
1814784.js;8;1;7;1;2;1;1;1;1
3596865.js;44;21;23;8;29;21;8;8;8
3127095.js;13;7;6;0;7;7;0;0;0
872701.js;6;1;5;1;2;1;1;1;1
3902813.js;34;6;28;3;9;6;3;3;3
1744216.js;12;1;11;3;4;1;3;3;3
5181673.js;7;3;4;1;4;3;1;1;1
4891970.js;41;17;24;3;20;17;3;3;4
98349.js;16;14;2;0;14;14;0;0;0
1745039.js;12;7;5;2;9;7;2;2;2
3848822.js;39;8;31;1;9;8;1;1;1
111765.js;20;7;13;0;7;7;0;0;0
240086.js;11;5;6;0;5;5;0;0;0
2863921.js;36;13;23;4;17;13;4;4;4
5300447.js;9;3;6;3;6;3;3;3;3
593202.js;5;3;2;0;3;3;0;0;0
4970880.js;27;11;16;4;15;11;4;5;5
2898298.js;15;2;13;0;2;2;0;0;0
1359486.js;36;3;33;5;8;3;5;5;5
1896753.js;2;1;1;1;2;1;1;1;1
3463846.js;36;20;16;8;28;20;8;9;9
4147073.js;3;1;2;1;2;1;1;2;2
3290564.js;6;4;2;2;6;4;2;2;2
237189.js;13;3;10;1;4;3;1;2;2
1056556.js;6;4;2;1;5;4;1;1;1
4022522.js;7;2;5;2;4;2;2;2;2
5181627.js;7;3;4;1;4;3;1;1;1
1976692.js;3;1;2;1;2;1;1;1;1
213418.js;9;5;4;0;5;5;0;0;0
2305056.js;18;7;11;2;9;7;2;2;2
1463213.js;35;12;23;0;12;12;0;0;0
1165647.js;31;19;12;1;20;19;1;1;1
493312.js;14;3;11;3;6;3;3;3;3
2868687.js;20;2;18;4;6;2;4;4;4
553863.js;28;6;22;2;8;6;0;2;0
1666289.js;3;1;2;1;2;1;1;1;1
2997248.js;19;6;13;0;6;6;0;0;0
2860508.js;15;2;13;0;2;2;0;0;0
3098716.js;14;3;11;3;6;3;3;3;3
1297976.js;2;1;1;0;1;1;0;0;0
724392.js;13;12;1;0;12;12;0;0;0
5070556.js;25;4;21;13;17;4;14;13;14
431105.js;8;6;2;1;7;6;1;1;1
3243479.js;35;9;26;3;12;9;3;3;3
1195348.js;24;8;16;1;9;8;1;1;1
227338.js;5;2;3;1;3;2;1;1;1
1255129.js;6;3;3;3;6;3;3;3;3
4176427.js;50;12;38;5;17;12;6;9;10
624103.js;5;3;2;0;3;3;0;0;0
1121349.js;2;1;1;0;1;1;0;0;0
2523533.js;25;7;18;3;10;7;4;3;4
1674232.js;7;4;3;0;4;4;0;0;0
2683618.js;29;12;17;0;12;12;0;0;0
877899.js;6;2;4;0;2;2;0;0;0
1922842.js;13;1;12;2;3;1;3;2;3
4394108.js;32;5;27;6;11;5;6;6;6
4809418.js;3;1;2;1;2;1;1;1;1
569143.js;5;4;1;1;5;4;1;1;1
388132.js;3;1;2;0;1;1;0;0;0
3244111.js;19;10;9;2;12;10;2;2;2
1129915.js;4;1;3;0;1;1;0;0;0
262025.js;18;10;8;7;17;10;7;8;8
4637735.js;9;5;4;0;5;5;0;0;0
1754022.js;7;3;4;0;3;3;0;0;0
783102.js;5;4;1;0;4;4;0;0;0
4125127.js;21;9;12;3;12;9;4;3;4
1400085.js;9;1;8;0;1;1;0;0;0
1952826.js;15;4;11;3;7;4;3;3;3
3540198.js;7;2;5;0;2;2;0;0;0
4453765.js;9;6;3;0;6;6;0;0;0
1650021.js;15;4;11;0;4;4;0;1;1
2195720.js;8;5;3;0;5;5;0;0;0
2964451.js;8;4;4;0;4;4;0;0;0
2794705.js;26;5;21;2;7;5;2;3;3
783570.js;17;2;15;4;6;2;4;4;4
3357400.js;9;5;4;3;8;5;3;3;3
962495.js;14;1;13;7;8;1;7;7;7
99059.js;30;18;12;2;20;18;2;3;3
119940.js;10;3;7;1;4;3;1;1;1
1950456.js;3;1;2;1;2;1;1;1;1
2272186.js;10;2;8;1;3;2;1;1;1
1337498.js;17;5;12;6;11;5;6;6;6
4961765.js;23;9;14;4;13;9;4;4;4
3321604.js;7;6;1;0;6;6;0;0;0
803917.js;17;12;5;1;13;12;1;1;1
2185691.js;14;8;6;0;8;8;0;2;2
118710.js;20;2;18;4;6;2;5;4;5
41494.js;9;2;7;1;3;2;1;2;2
1467290.js;10;7;3;0;7;7;0;0;0
943443.js;6;1;5;2;3;1;2;3;3
2695.js;24;4;20;2;6;4;2;3;3
7831.js;18;5;13;0;5;5;1;0;1
1350061.js;3;2;1;0;2;2;0;0;0
368182.js;16;9;7;0;9;9;0;1;1
3788892.js;31;3;28;4;7;3;4;5;5
976636.js;17;5;12;2;7;5;2;2;2
572216.js;30;3;27;2;5;3;3;2;3
2889603.js;13;4;9;1;5;4;2;1;2
4405727.js;27;1;26;2;3;1;2;3;3
2987191.js;3;2;1;0;2;2;0;0;0
712532.js;11;5;6;2;7;5;2;2;2
5238572.js;6;3;3;1;4;3;1;1;1
1471036.js;11;6;5;1;7;6;1;3;3
572238.js;19;1;18;6;7;1;6;6;6
2716257.js;8;2;6;0;2;2;0;0;0
2902872.js;12;4;8;1;5;4;1;1;1
908246.js;23;3;20;2;5;3;3;2;3
623873.js;17;2;15;6;8;2;7;6;7
322120.js;12;2;10;3;5;2;3;4;4
1089088.js;19;5;14;1;6;5;1;1;1
2309758.js;16;13;3;0;13;13;0;1;1
4621895.js;2;1;1;0;1;1;0;1;1
700383.js;48;6;42;1;7;6;3;3;4
3361883.js;10;5;5;2;7;5;2;3;3
1631063.js;12;5;7;6;11;5;6;6;6
845367.js;26;10;16;8;18;10;8;8;8
3847408.js;8;6;2;0;6;6;0;0;0
3657560.js;5;1;4;2;3;1;2;2;2
729465.js;11;4;7;0;4;4;0;0;0
971162.js;35;9;26;9;18;9;9;9;9
4038352.js;5;2;3;0;2;2;0;0;0
4231806.js;25;13;12;3;16;13;3;3;4
383521.js;16;11;5;0;11;11;0;0;0
908822.js;4;2;2;0;2;2;0;0;0
782229.js;19;5;14;2;7;5;3;2;3
321028.js;17;2;15;4;6;2;6;4;6
5026782.js;3;2;1;0;2;2;0;0;0
730330.js;25;8;17;0;8;8;0;0;0
879410.js;19;11;8;0;11;11;0;0;0
1788511.js;13;4;9;0;4;4;0;0;0
437688.js;33;8;25;5;13;8;5;8;8
812390.js;10;6;4;1;7;6;1;1;1
4055221.js;4;2;2;1;3;2;1;1;1
4123716.js;6;3;3;1;4;3;1;1;1
3799638.js;23;8;15;0;8;8;1;0;1
3765522.js;15;4;11;5;9;4;5;6;6
457096.js;8;1;7;1;2;1;1;1;1
1899542.js;4;2;2;0;2;2;0;0;0
1683148.js;16;3;13;3;6;3;3;4;4
504214.js;12;4;8;0;4;4;0;0;0
2794714.js;7;4;3;0;4;4;0;0;0
4443585.js;23;3;20;4;7;3;5;4;5
204256.js;12;1;11;1;2;1;1;2;2
1976705.js;3;1;2;1;2;1;1;1;1
2171024.js;4;1;3;0;1;1;0;0;0
2941283.js;16;5;11;1;6;5;1;1;1
568170.js;34;13;21;2;15;13;2;2;2
1355726.js;14;1;13;0;1;1;0;0;0
3495509.js;13;7;6;1;8;7;2;1;2
5300865.js;21;2;19;2;4;2;2;3;3
2972167.js;23;4;19;1;5;4;2;1;2
2659427.js;40;5;35;5;10;5;6;6;7
5159182.js;12;5;7;1;6;5;1;1;1
2930765.js;4;1;3;0;1;1;0;0;0
4712499.js;20;6;14;4;10;6;5;4;5
911237.js;13;4;9;1;5;4;1;1;1
2299856.js;14;8;6;0;8;8;0;0;0
1426235.js;24;7;17;0;7;7;0;2;2
3800634.js;7;3;4;0;3;3;0;0;0
365184.js;19;11;8;0;11;11;0;0;0
3272034.js;11;4;7;1;5;4;1;1;1
1479436.js;11;1;10;0;1;1;0;0;0
292164.js;11;6;5;0;6;6;0;0;0
947653.js;20;13;7;0;13;13;0;0;0
552776.js;10;3;7;2;5;3;2;2;2
2507936.js;24;2;22;4;6;2;4;5;5
86812.js;27;3;24;1;4;3;1;1;1
502145.js;26;4;22;2;6;4;2;2;2
266465.js;13;5;8;2;7;5;2;3;3
960219.js;9;4;5;0;4;4;0;0;0
4127810.js;5;3;2;0;3;3;0;1;1
82427.js;28;12;16;3;15;12;3;3;3
288300.js;15;12;3;0;12;12;0;0;0
2040428.js;34;3;31;4;7;3;4;4;4
670373.js;10;2;8;0;2;2;0;0;0
2501010.js;4;2;2;2;4;2;2;2;2
3704564.js;25;9;16;3;12;9;3;3;3
263435.js;7;3;4;3;6;3;3;3;3
109042.js;24;7;17;1;8;7;2;1;2
4166479.js;18;1;17;1;2;1;1;2;2
1709722.js;11;4;7;0;4;4;0;0;0
3377243.js;15;4;11;3;7;4;3;4;4
927763.js;15;6;9;1;7;6;2;1;2
27942.js;2;1;1;1;2;1;1;1;1
879717.js;20;9;11;2;11;9;2;3;3
4293483.js;6;1;5;2;3;1;2;2;2
3480682.js;5;4;1;0;4;4;0;0;0
5008857.js;8;3;5;1;4;3;1;1;1
1330384.js;16;4;12;0;4;4;0;0;0
4249083.js;21;10;11;0;9;9;0;0;0
1279009.js;10;7;3;2;9;7;2;2;2
2530657.js;11;6;5;0;6;6;0;0;0
1881013.js;9;5;4;0;5;5;0;0;0
783441.js;4;2;2;1;3;2;1;1;1
3169028.js;25;10;15;0;10;10;0;0;0
691908.js;17;8;9;0;8;8;0;0;0
2957908.js;4;2;2;2;4;2;2;2;2
3051004.js;17;9;8;0;9;9;0;0;0
545476.js;11;9;2;1;10;9;1;1;1
691748.js;11;2;9;0;2;2;0;0;0
2302616.js;16;8;8;2;10;8;3;2;3
4191005.js;12;3;9;1;4;3;1;1;1
2423102.js;35;4;31;1;5;4;4;1;4
1301791.js;15;6;9;0;6;6;1;1;2
848492.js;11;6;5;0;6;6;0;0;0
149756.js;25;10;15;0;10;10;0;0;0
1779734.js;8;2;6;1;3;2;1;1;1
574477.js;29;8;21;4;12;8;4;4;4
5225700.js;14;2;12;4;6;2;4;4;4
797509.js;10;2;8;2;4;2;2;2;2
279541.js;11;3;8;0;3;3;0;0;0
1032231.js;2;1;1;0;1;1;0;0;0
4067760.js;10;4;6;0;4;4;0;0;0
233007.js;3;1;2;0;1;1;0;0;0
2069087.js;4;2;2;0;2;2;0;0;0
222092.js;5;1;4;2;3;1;2;2;2
199460.js;30;2;28;2;4;2;2;2;2
5179680.js;5;1;4;1;2;1;1;1;1
1030388.js;32;3;29;3;6;3;3;4;4
250148.js;35;13;22;6;19;13;6;6;6
3501981.js;36;4;32;4;8;4;5;7;7
1439758.js;5;3;2;0;3;3;0;0;0
958243.js;12;4;8;0;4;4;1;0;1
5093510.js;28;8;20;4;12;8;4;4;4
4975290.js;12;4;8;1;5;4;1;1;1
212193.js;11;4;7;0;4;4;0;2;2
4971608.js;42;6;36;2;8;6;3;2;3
3244095.js;2;1;1;0;1;1;0;0;0
2128494.js;16;5;11;3;8;5;3;3;3
3491008.js;10;6;4;0;6;6;0;0;0
1397895.js;22;4;18;7;10;3;7;7;7
5299602.js;17;6;11;3;9;6;3;3;3
5115246.js;11;1;10;0;1;1;0;0;0
1225858.js;20;3;17;1;4;3;2;1;2
3964439.js;3;2;1;0;2;2;0;0;0
419039.js;18;2;16;3;5;2;3;3;3
80338.js;57;6;51;13;19;6;14;13;14
768283.js;20;8;12;1;9;8;1;1;1
2552313.js;21;10;11;1;11;10;2;2;2
655376.js;15;4;11;2;6;4;2;2;2
2855289.js;21;7;14;2;8;6;2;3;3
1187223.js;16;4;12;2;6;4;3;2;3
3891464.js;13;6;7;0;6;6;0;0;0
61269.js;1;0;1;0;0;0;0;0;0
223713.js;46;18;28;0;17;17;0;0;0
4195715.js;5;1;4;0;1;1;0;0;0
1766179.js;6;2;4;2;4;2;2;2;2
4486125.js;4;2;2;0;2;2;0;0;0
3294830.js;6;4;2;1;5;4;1;2;2
1121427.js;7;2;5;0;2;2;0;0;0
4918087.js;39;4;35;2;6;4;2;2;2
2003445.js;7;4;3;0;4;4;0;0;0
2032555.js;13;4;9;0;4;4;0;0;0
1402518.js;21;3;18;0;3;3;0;0;0
4905139.js;3;2;1;1;3;2;1;1;1
2278699.js;7;2;5;0;2;2;0;0;0
3652855.js;21;4;17;9;13;4;9;9;9
1799081.js;4;1;3;0;1;1;0;0;0
5171280.js;18;1;17;5;6;1;5;5;5
3007520.js;2;1;1;0;1;1;0;0;0
3374155.js;12;1;11;1;2;1;1;1;1
2222247.js;21;7;14;2;9;7;2;2;2
4058715.js;10;6;4;0;6;6;0;0;0
379587.js;5;3;2;0;3;3;0;0;0
686362.js;10;2;8;0;2;2;0;0;0
461380.js;4;1;3;0;1;1;1;0;1
1998721.js;6;1;5;0;1;1;0;0;0
431228.js;4;3;1;0;3;3;0;0;0
382336.js;7;1;6;0;1;1;0;0;0
2666614.js;22;5;17;6;11;5;6;6;6
812585.js;3;1;2;0;1;1;0;0;0
2084861.js;15;7;8;1;8;7;1;1;1
14343.js;15;5;10;1;6;5;1;1;1
2265435.js;17;3;14;0;3;3;0;0;0
3522265.js;12;7;5;0;7;7;0;1;1
576715.js;7;6;1;1;7;6;1;1;1
4514051.js;3;2;1;1;3;2;1;1;1
357494.js;5;3;2;0;3;3;0;0;0
1574573.js;31;9;22;2;11;9;2;2;2
940428.js;12;8;4;2;10;8;2;2;2
1816814.js;22;2;20;2;4;2;2;2;2
5110196.js;27;8;19;0;8;8;0;1;1
3100307.js;20;16;4;0;16;16;0;0;0
347300.js;26;3;23;1;4;3;1;1;1
3222665.js;3;2;1;0;2;2;0;0;0
74079.js;10;5;5;1;6;5;1;1;1
4150439.js;10;2;8;2;4;2;2;2;2
1119036.js;4;3;1;1;4;3;1;1;1
3291112.js;4;3;1;1;4;3;1;1;1
2958676.js;4;2;2;0;2;2;0;1;1
2181952.js;4;2;2;2;4;2;2;2;2
1662918.js;20;1;19;0;1;1;0;0;0
2717397.js;7;1;6;3;4;1;3;3;3
4194272.js;9;3;6;2;5;3;2;2;2
4437157.js;3;1;2;2;3;1;2;2;2
5136939.js;14;1;13;1;2;1;1;2;2
857914.js;28;4;24;4;8;4;4;4;4
413218.js;36;1;35;6;7;1;7;6;7
1637436.js;4;3;1;1;4;3;1;1;1
5203782.js;7;5;2;0;5;5;0;0;0
2496854.js;9;4;5;1;5;4;1;1;1
124776.js;4;3;1;0;3;3;0;0;0
14611.js;14;2;12;3;5;2;3;3;3
1112658.js;6;4;2;0;4;4;0;0;0
2103512.js;14;4;10;2;6;4;2;2;2
1199251.js;17;5;12;3;8;5;3;3;3
90252.js;6;3;3;0;3;3;0;0;0
730163.js;19;7;12;1;8;7;1;1;1
2616209.js;30;5;25;0;5;5;0;0;0
2616423.js;14;8;6;2;10;8;2;2;2
626924.js;10;7;3;0;7;7;0;0;0
3877994.js;5;1;4;0;1;1;0;0;0
5243842.js;10;5;5;1;6;5;1;1;1
1226023.js;14;3;11;0;3;3;0;0;0
3209395.js;18;2;16;1;3;2;1;2;2
1720376.js;18;2;16;1;3;2;2;1;2
3761703.js;8;4;4;3;7;4;3;3;3
518007.js;19;3;16;0;3;3;0;0;0
552246.js;6;3;3;0;3;3;0;0;0
128804.js;33;2;31;2;4;2;2;2;2
12649.js;4;1;3;0;1;1;0;0;0
1361041.js;12;8;4;2;10;8;2;2;2
1379052.js;16;4;12;2;6;4;3;2;3
4116613.js;6;3;3;0;2;2;0;0;0
1056523.js;17;5;12;3;8;5;3;3;3
3396075.js;5;3;2;0;3;3;0;0;0
671333.js;20;4;16;2;6;4;2;2;2
2902330.js;18;1;17;0;1;1;0;0;0
4296722.js;26;3;23;1;4;3;1;1;1
783870.js;9;5;4;1;6;5;1;1;1
469460.js;13;4;9;1;5;4;1;2;2
4297077.js;5;4;1;0;4;4;0;0;0
1762680.js;8;1;7;4;5;1;4;4;4
2580376.js;19;8;11;3;11;8;3;4;4
696634.js;7;3;4;1;4;3;1;1;1
4005876.js;4;2;2;0;2;2;0;0;0
2957933.js;3;1;2;2;3;1;2;2;2
4664254.js;12;10;2;1;11;10;1;1;1
1994522.js;20;6;14;0;6;6;0;0;0
956263.js;6;5;1;0;5;5;0;0;0
4276145.js;27;5;22;4;9;5;4;4;4
1094204.js;6;3;3;0;3;3;0;0;0
551223.js;5;3;2;0;3;3;0;0;0
4296881.js;10;2;8;1;3;2;2;1;2
2949437.js;7;4;3;0;4;4;0;0;0
4819967.js;21;4;17;2;6;4;3;2;3
2917275.js;9;7;2;1;8;7;1;1;1
1291279.js;16;7;9;0;7;7;0;0;0
3879451.js;41;5;36;3;8;5;4;4;6
566963.js;6;4;2;1;5;4;1;1;1
4607435.js;17;10;7;4;14;10;4;4;4
5181090.js;17;2;15;3;5;2;3;3;3
3114705.js;20;9;11;1;10;9;3;1;3
2836493.js;17;13;4;0;13;13;0;0;0
3157750.js;10;2;8;3;5;2;3;3;3
3310677.js;10;6;4;1;7;6;1;1;1
1914067.js;38;10;28;4;14;10;4;4;4
2488799.js;6;3;3;0;3;3;0;0;0
3524363.js;22;6;16;2;8;6;2;2;2
480328.js;14;5;9;3;8;5;3;3;3
1814722.js;40;14;26;7;21;14;7;8;8
45813.js;5;2;3;2;4;2;2;2;2
1235708.js;6;3;3;3;6;3;3;3;3
455529.js;25;2;23;2;4;2;2;2;2
1110858.js;5;3;2;2;5;3;2;2;2
5132876.js;2;1;1;0;1;1;0;0;0
5138279.js;2;1;1;0;1;1;0;0;0
1298014.js;11;8;3;2;10;8;2;2;2
503670.js;31;6;25;4;10;6;4;4;4
1828826.js;31;8;23;0;8;8;6;0;6
993871.js;3;1;2;0;1;1;0;0;0
5299983.js;13;6;7;1;7;6;1;1;1
3080882.js;17;2;15;1;3;2;1;1;1
1024970.js;44;12;32;0;12;12;0;1;1
841418.js;37;15;22;8;23;15;8;8;8
318447.js;9;2;7;0;2;2;0;0;0
4145894.js;30;6;24;2;8;6;2;2;2
